 n q blocks
 100 27 1
 121.547 27 1.21547
 147.738 28 1.47738
 179.571 28 1.79571
 218.264 28 2.18264
 265.295 29 2.65295
 322.459 29 3.22459
 391.941 29 3.91941
 476.394 29 4.76394
 579.044 30 5.79044
 703.814 30 7.03814
 855.467 30 8.55467
 1039.8 31 10.398
 1263.85 31 12.6385
 1536.17 31 15.3617
 1867.18 31 18.6718
 2269.51 32 22.6951
 2758.53 32 27.5853
 3352.92 32 33.5292
 4075.39 32 40.7539
 4953.54 33 49.5354
 6020.89 33 60.2089
 7318.24 33 73.1824
 8895.13 34 88.9513
 10811.8 34 108.118
 13141.5 34 131.415
 15973.1 34 159.731
 19414.9 35 194.149
 23598.3 35 235.983
 28683.2 35 286.832
 34863.7 36 348.637
 42375.9 36 423.759
 51506.8 36 515.068
 62605.2 36 626.052
 76095 37 760.95
 92491.5 37 924.915
 112421 37 1124.21
 136645 38 1366.45
 166088 38 1660.88
 201876 38 2018.76
 245375 38 2453.75
 298247 39 2982.47
 362512 39 3625.12
 440624 39 4406.24
 535567 40 5355.67
 650968 40 6509.68
 791234 40 7912.34
 961725 40 9617.25
 1.16895e+06 41 11689.5
 1.42083e+06 41 14208.3
 1.72698e+06 41 17269.8
 2.0991e+06 42 20991
 2.55141e+06 42 25514.1
 3.10117e+06 42 31011.7
 3.76939e+06 42 37693.9
 4.5816e+06 43 45816
 5.56881e+06 43 55688.1
 6.76875e+06 43 67687.5
 8.22724e+06 43 82272.4
 1e+07 44 100000
