 F L2 L4 L5 L6
 0.9 0.202343 0.335101 0.383223 0.422203
 0.901266 0.200167 0.332237 0.380319 0.419376
 0.902532 0.197981 0.329344 0.377379 0.416506
 0.903797 0.195786 0.326424 0.374401 0.413591
 0.905063 0.193582 0.323474 0.371385 0.41063
 0.906329 0.191369 0.320496 0.368331 0.407624
 0.907595 0.189147 0.317488 0.365238 0.404571
 0.908861 0.186915 0.314451 0.362106 0.401471
 0.910127 0.184673 0.311384 0.358935 0.398323
 0.911392 0.182423 0.308287 0.355724 0.395127
 0.912658 0.180163 0.305159 0.352472 0.391882
 0.913924 0.177893 0.302002 0.34918 0.388586
 0.91519 0.175615 0.298813 0.345846 0.38524
 0.916456 0.173326 0.295593 0.342471 0.381843
 0.917722 0.171028 0.292342 0.339053 0.378393
 0.918987 0.168721 0.28906 0.335593 0.374891
 0.920253 0.166404 0.285746 0.332089 0.371336
 0.921519 0.164077 0.2824 0.328542 0.367726
 0.922785 0.161741 0.279021 0.324951 0.364061
 0.924051 0.159396 0.27561 0.321315 0.360341
 0.925316 0.15704 0.272166 0.317634 0.356564
 0.926582 0.154675 0.268688 0.313907 0.35273
 0.927848 0.1523 0.265178 0.310134 0.348837
 0.929114 0.149916 0.261634 0.306315 0.344886
 0.93038 0.147521 0.258055 0.302448 0.340876
 0.931646 0.145117 0.254443 0.298534 0.336804
 0.932911 0.142703 0.250796 0.294572 0.332672
 0.934177 0.140279 0.247114 0.290561 0.328477
 0.935443 0.137846 0.243397 0.286501 0.324219
 0.936709 0.135402 0.239645 0.282391 0.319898
 0.937975 0.132949 0.235857 0.278231 0.315512
 0.939241 0.130485 0.232033 0.27402 0.31106
 0.940506 0.128012 0.228173 0.269757 0.306542
 0.941772 0.125528 0.224276 0.265443 0.301956
 0.943038 0.123035 0.220342 0.261076 0.297302
 0.944304 0.120531 0.216372 0.256656 0.292579
 0.94557 0.118018 0.212364 0.252183 0.287785
 0.946835 0.115494 0.208318 0.247655 0.282921
 0.948101 0.11296 0.204234 0.243072 0.277984
 0.949367 0.110416 0.200112 0.238434 0.272974
 0.950633 0.107862 0.195951 0.23374 0.267891
 0.951899 0.105298 0.191751 0.22899 0.262732
 0.953165 0.102723 0.187512 0.224182 0.257498
 0.95443 0.100138 0.183233 0.219316 0.252186
 0.955696 0.0975426 0.178914 0.214392 0.246796
 0.956962 0.094937 0.174556 0.209409 0.241327
 0.958228 0.092321 0.170156 0.204366 0.235778
 0.959494 0.0896946 0.165716 0.199263 0.230148
 0.960759 0.0870578 0.161234 0.194099 0.224436
 0.962025 0.0844106 0.156711 0.188874 0.21864
 0.963291 0.0817529 0.152147 0.183586 0.212759
 0.964557 0.0790847 0.14754 0.178235 0.206793
 0.965823 0.076406 0.14289 0.172821 0.20074
 0.967089 0.0737167 0.138198 0.167342 0.1946
 0.968354 0.0710169 0.133462 0.161799 0.18837
 0.96962 0.0683064 0.128683 0.156189 0.18205
 0.970886 0.0655853 0.12386 0.150514 0.175639
 0.972152 0.0628535 0.118993 0.144772 0.169135
 0.973418 0.0601111 0.114081 0.138962 0.162537
 0.974684 0.0573579 0.109124 0.133083 0.155844
 0.975949 0.054594 0.104122 0.127136 0.149055
 0.977215 0.0518193 0.0990747 0.121118 0.142168
 0.978481 0.0490338 0.0939812 0.11503 0.135183
 0.979747 0.0462374 0.0888413 0.108871 0.128097
 0.981013 0.0434302 0.0836547 0.102639 0.12091
 0.982278 0.0406122 0.0784211 0.0963354 0.11362
 0.983544 0.0377832 0.07314 0.0899577 0.106226
 0.98481 0.0349432 0.0678112 0.0835058 0.0987272
 0.986076 0.0320923 0.0624342 0.0769787 0.0911211
 0.987342 0.0292304 0.0570086 0.0703759 0.0834068
 0.988608 0.0263574 0.0515342 0.0636964 0.075583
 0.989873 0.0234734 0.0460104 0.0569395 0.0676483
 0.991139 0.0205784 0.040437 0.0501043 0.0596011
 0.992405 0.0176722 0.0348135 0.0431902 0.0514401
 0.993671 0.0147548 0.0291396 0.0361962 0.0431637
 0.994937 0.0118263 0.0234149 0.0291216 0.0347706
 0.996203 0.00888661 0.017639 0.0219655 0.0262592
 0.997468 0.00593567 0.0118115 0.0147271 0.017628
 0.998734 0.00297348 0.00593193 0.00740554 0.00887543
 1 0 0 0 0
