 K smooth kink ref1 ref2
 1 0.0427894 0.075287 0.0427894 0.0427894
 2 0.00746485 0.0157178 0.0213947 0.0106973
 3 0.00128484 0.00561181 0.0142631 0.00475438
 4 0.000220131 0.00406404 0.0106973 0.00267434
 5 3.76413e-05 0.00315737 0.00855788 0.00171158
 6 6.43058e-06 0.00245481 0.00713157 0.00118859
 7 1.09809e-06 0.00184871 0.00611277 0.000873253
 8 1.87464e-07 0.00166465 0.00534867 0.000668584
 9 3.19992e-08 0.00130772 0.00475438 0.000528264
 10 5.46164e-09 0.00117432 0.00427894 0.000427894
 11 9.3213e-10 0.00101839 0.00388994 0.000353631
 12 1.59074e-10 0.000872842 0.00356578 0.000297149
 13 2.71445e-11 0.000814697 0.00329149 0.000253192
 14 4.63151e-12 0.000695743 0.00305639 0.000218313
 15 7.90173e-13 0.000653304 0.00285263 0.000190175
 16 1.34777e-13 0.000585718 0.00267434 0.000167146
 17 2.30381e-14 0.000530958 0.00251702 0.00014806
 18 3.46449e-14 0.00050198 0.00237719 0.000132066
 19 6.32484e-15 0.000475664 0.00225207 0.00011853
 20 2.29794e-14 0.000443542 0.00213947 0.000106973
 21 1.82715e-14 0.000427069 0.00203759 9.70281e-05
 22 3.63196e-15 0.000401322 0.00194497 8.84078e-05
 23 1.53207e-14 0.000378824 0.00186041 8.08873e-05
 24 7.76507e-15 0.000369413 0.00178289 7.42871e-05
