 D f100 f50 f10
 0.001 0.904837 0.951229 0.99005
 0.00108701 0.896999 0.9471 0.989189
 0.00118158 0.888555 0.942632 0.988254
 0.00128439 0.879468 0.937799 0.987238
 0.00139614 0.869694 0.932574 0.986136
 0.00151761 0.859194 0.926927 0.984939
 0.00164965 0.847924 0.920828 0.983639
 0.00179318 0.83584 0.914243 0.982228
 0.00194919 0.822901 0.907139 0.980697
 0.00211879 0.809063 0.899479 0.979035
 0.00230313 0.794285 0.891227 0.977232
 0.00250352 0.778527 0.882342 0.975276
 0.00272134 0.761752 0.872784 0.973154
 0.00295811 0.743928 0.862513 0.970852
 0.00321548 0.725026 0.851484 0.968357
 0.00349525 0.705023 0.839656 0.965651
 0.00379936 0.683905 0.826986 0.962719
 0.00412992 0.661667 0.813429 0.959542
 0.00448925 0.638314 0.798945 0.9561
 0.00487984 0.613863 0.783494 0.952373
 0.00530442 0.588345 0.767037 0.948338
 0.00576593 0.561809 0.749539 0.943971
 0.0062676 0.53432 0.730972 0.939248
 0.00681292 0.505963 0.711311 0.93414
 0.00740568 0.476843 0.690538 0.928619
 0.00805002 0.447087 0.668646 0.922655
 0.00875042 0.416844 0.645635 0.916215
 0.00951176 0.386286 0.62152 0.909266
 0.0103393 0.355605 0.596327 0.901772
 0.0112389 0.325012 0.570099 0.893696
 0.0122168 0.294735 0.542895 0.885
 0.0132797 0.265015 0.514796 0.875643
 0.0144351 0.236097 0.485898 0.865584
 0.0156911 0.208231 0.456324 0.854781
 0.0170563 0.181658 0.426214 0.84319
 0.0185403 0.156605 0.395734 0.83077
 0.0201534 0.133275 0.365069 0.817476
 0.0219068 0.11184 0.334425 0.803267
 0.0238129 0.0924316 0.304026 0.788101
 0.0258847 0.0751348 0.274107 0.771941
 0.0281368 0.0599836 0.244915 0.75475
 0.0305849 0.0469585 0.216699 0.736498
 0.033246 0.035987 0.189702 0.717158
 0.0361386 0.0269477 0.164158 0.69671
 0.0392828 0.0196774 0.140276 0.675145
 0.0427007 0.0139808 0.118241 0.652459
 0.0464159 0.00964237 0.0981955 0.628664
 0.0504543 0.00643866 0.0802413 0.603781
 0.0548442 0.00415096 0.0644279 0.57785
 0.0596159 0.00257581 0.0507524 0.550924
 0.0648029 0.00153337 0.0391583 0.523076
 0.0704411 0.000872534 0.0295387 0.4944
 0.0765699 0.000472729 0.0217423 0.465009
 0.0832319 0.00024282 0.0155827 0.435039
 0.0904736 0.000117702 0.010849 0.404649
 0.0983453 5.35695e-05 0.00731912 0.374017
 0.106902 2.27671e-05 0.00477149 0.343345
 0.116203 8.98188e-06 0.00299698 0.31285
 0.126313 3.26799e-06 0.00180776 0.282767
 0.137303 1.08891e-06 0.00104351 0.253337
 0.14925 3.29742e-07 0.000574232 0.224811
 0.162235 8.99948e-08 0.000299991 0.197434
 0.176351 2.19378e-08 0.000148114 0.171443
 0.191694 4.72968e-09 6.87727e-05 0.147056
 0.208373 8.92264e-10 2.98708e-05 0.124466
 0.226502 1.45591e-10 1.20661e-05 0.103828
 0.246209 2.02894e-11 4.50437e-06 0.0852564
 0.267631 2.38198e-12 1.54337e-06 0.0688167
 0.290916 2.32094e-13 4.81761e-07 0.0545213
 0.316228 1.84673e-14 1.35894e-07 0.0423292
