 ci ac aj gpp
 20 1.5772 3.77425 1.5772
 24.9246 1.92171 4.33602 1.92171
 29.8492 2.25119 4.81635 2.25119
 34.7739 2.5666 5.23176 2.5666
 39.6985 2.86883 5.59457 2.86883
 44.6231 3.15867 5.91419 3.15867
 49.5477 3.43688 6.19788 3.43688
 54.4724 3.70415 6.45139 3.70415
 59.397 3.96111 6.67928 3.96111
 64.3216 4.20833 6.88526 4.20833
 69.2462 4.44638 7.07234 4.44638
 74.1709 4.67574 7.24301 4.67574
 79.0955 4.89688 7.39933 4.89688
 84.0201 5.11024 7.54305 5.11024
 88.9447 5.31623 7.67562 5.31623
 93.8693 5.51521 7.7983 5.51521
 98.794 5.70754 7.91215 5.70754
 103.719 5.89355 8.01809 5.89355
 108.643 6.07354 8.11692 6.07354
 113.568 6.2478 8.20934 6.2478
 118.492 6.4166 8.29594 6.4166
 123.417 6.58019 8.37726 6.58019
 128.342 6.73882 8.45377 6.73882
 133.266 6.8927 8.52588 6.8927
 138.191 7.04204 8.59396 7.04204
 143.116 7.18704 8.65834 7.18704
 148.04 7.32789 8.71931 7.32789
 152.965 7.46476 8.77714 7.46476
 157.889 7.59782 8.83207 7.59782
 162.814 7.72723 8.8843 7.72723
 167.739 7.85313 8.93403 7.85313
 172.663 7.97567 8.98144 7.97567
 177.588 8.09497 9.02669 8.09497
 182.513 8.21117 9.06991 8.21117
 187.437 8.32439 9.11124 8.32439
 192.362 8.43473 9.15081 8.43473
 197.286 8.54231 9.18873 8.54231
 202.211 8.64722 9.22509 8.64722
 207.136 8.74957 9.25999 8.74957
 212.06 8.84945 9.29351 8.84945
 216.985 8.94695 9.32574 8.94695
 221.91 9.04215 9.35675 9.04215
 226.834 9.13513 9.38661 9.13513
 231.759 9.22597 9.41538 9.22597
 236.683 9.31474 9.44311 9.31474
 241.608 9.40151 9.46987 9.40151
 246.533 9.48635 9.49571 9.48635
 251.457 9.56933 9.52066 9.52066
 256.382 9.65049 9.54478 9.54478
 261.307 9.72991 9.56811 9.56811
 266.231 9.80763 9.59068 9.59068
 271.156 9.88372 9.61253 9.61253
 276.08 9.95821 9.6337 9.6337
 281.005 10.0312 9.65421 9.65421
 285.93 10.1026 9.6741 9.6741
 290.854 10.1727 9.6934 9.6934
 295.779 10.2413 9.71212 9.71212
 300.704 10.3085 9.73031 9.73031
 305.628 10.3745 9.74797 9.74797
 310.553 10.4391 9.76513 9.76513
 315.477 10.5025 9.78181 9.78181
 320.402 10.5647 9.79804 9.79804
 325.327 10.6258 9.81382 9.81382
 330.251 10.6856 9.82919 9.82919
 335.176 10.7444 9.84414 9.84414
 340.101 10.8021 9.85871 9.85871
 345.025 10.8587 9.87291 9.87291
 349.95 10.9144 9.88674 9.88674
 354.874 10.969 9.90023 9.90023
 359.799 11.0226 9.91338 9.91338
 364.724 11.0753 9.92621 9.92621
 369.648 11.1271 9.93873 9.93873
 374.573 11.178 9.95096 9.95096
 379.497 11.2281 9.96289 9.96289
 384.422 11.2772 9.97455 9.97455
 389.347 11.3256 9.98593 9.98593
 394.271 11.3731 9.99706 9.99706
 399.196 11.4199 10.0079 10.0079
 404.121 11.4659 10.0186 10.0186
 409.045 11.5111 10.029 10.029
 413.97 11.5556 10.0392 10.0392
 418.894 11.5994 10.0491 10.0491
 423.819 11.6425 10.0588 10.0588
 428.744 11.685 10.0684 10.0684
 433.668 11.7267 10.0777 10.0777
 438.593 11.7678 10.0869 10.0869
 443.518 11.8083 10.0958 10.0958
 448.442 11.8482 10.1046 10.1046
 453.367 11.8874 10.1132 10.1132
 458.291 11.9261 10.1216 10.1216
 463.216 11.9642 10.1299 10.1299
 468.141 12.0017 10.138 10.138
 473.065 12.0386 10.146 10.146
 477.99 12.0751 10.1537 10.1537
 482.915 12.111 10.1614 10.1614
 487.839 12.1464 10.1689 10.1689
 492.764 12.1812 10.1763 10.1763
 497.688 12.2156 10.1835 10.1835
 502.613 12.2495 10.1906 10.1906
 507.538 12.2829 10.1976 10.1976
 512.462 12.3159 10.2044 10.2044
 517.387 12.3484 10.2111 10.2111
 522.312 12.3804 10.2177 10.2177
 527.236 12.412 10.2242 10.2242
 532.161 12.4432 10.2306 10.2306
 537.085 12.474 10.2369 10.2369
 542.01 12.5044 10.2431 10.2431
 546.935 12.5343 10.2491 10.2491
 551.859 12.5639 10.2551 10.2551
 556.784 12.5931 10.2609 10.2609
 561.709 12.6219 10.2667 10.2667
 566.633 12.6503 10.2724 10.2724
 571.558 12.6784 10.2779 10.2779
 576.482 12.7061 10.2834 10.2834
 581.407 12.7334 10.2888 10.2888
 586.332 12.7604 10.2941 10.2941
 591.256 12.7871 10.2994 10.2994
 596.181 12.8134 10.3045 10.3045
 601.106 12.8394 10.3096 10.3096
 606.03 12.8651 10.3146 10.3146
 610.955 12.8905 10.3195 10.3195
 615.879 12.9156 10.3244 10.3244
 620.804 12.9403 10.3291 10.3291
 625.729 12.9648 10.3338 10.3338
 630.653 12.989 10.3385 10.3385
 635.578 13.0129 10.343 10.343
 640.503 13.0365 10.3475 10.3475
 645.427 13.0598 10.352 10.352
 650.352 13.0829 10.3563 10.3563
 655.276 13.1057 10.3607 10.3607
 660.201 13.1282 10.3649 10.3649
 665.126 13.1505 10.3691 10.3691
 670.05 13.1725 10.3732 10.3732
 674.975 13.1943 10.3773 10.3773
 679.899 13.2158 10.3813 10.3813
 684.824 13.2371 10.3853 10.3853
 689.749 13.2582 10.3892 10.3892
 694.673 13.279 10.393 10.393
 699.598 13.2996 10.3968 10.3968
 704.523 13.32 10.4006 10.4006
 709.447 13.3401 10.4043 10.4043
 714.372 13.36 10.408 10.408
 719.296 13.3797 10.4116 10.4116
 724.221 13.3992 10.4151 10.4151
 729.146 13.4185 10.4186 10.4186
 734.07 13.4376 10.4221 10.4221
 738.995 13.4565 10.4255 10.4255
 743.92 13.4752 10.4289 10.4289
 748.844 13.4937 10.4323 10.4323
 753.769 13.512 10.4356 10.4356
 758.693 13.5301 10.4388 10.4388
 763.618 13.548 10.442 10.442
 768.543 13.5658 10.4452 10.4452
 773.467 13.5833 10.4484 10.4484
 778.392 13.6007 10.4515 10.4515
 783.317 13.6179 10.4545 10.4545
 788.241 13.635 10.4576 10.4576
 793.166 13.6518 10.4606 10.4606
 798.09 13.6685 10.4635 10.4635
 803.015 13.6851 10.4664 10.4664
 807.94 13.7015 10.4693 10.4693
 812.864 13.7177 10.4722 10.4722
 817.789 13.7337 10.475 10.475
 822.714 13.7496 10.4778 10.4778
 827.638 13.7654 10.4806 10.4806
 832.563 13.781 10.4833 10.4833
 837.487 13.7964 10.486 10.486
 842.412 13.8117 10.4887 10.4887
 847.337 13.8269 10.4913 10.4913
 852.261 13.8419 10.4939 10.4939
 857.186 13.8568 10.4965 10.4965
 862.111 13.8715 10.499 10.499
 867.035 13.8861 10.5016 10.5016
 871.96 13.9006 10.5041 10.5041
 876.884 13.9149 10.5065 10.5065
 881.809 13.9291 10.509 10.509
 886.734 13.9432 10.5114 10.5114
 891.658 13.9572 10.5138 10.5138
 896.583 13.971 10.5161 10.5161
 901.508 13.9847 10.5185 10.5185
 906.432 13.9983 10.5208 10.5208
 911.357 14.0117 10.5231 10.5231
 916.281 14.025 10.5254 10.5254
 921.206 14.0383 10.5276 10.5276
 926.131 14.0514 10.5298 10.5298
 931.055 14.0643 10.532 10.532
 935.98 14.0772 10.5342 10.5342
 940.905 14.09 10.5364 10.5364
 945.829 14.1026 10.5385 10.5385
 950.754 14.1152 10.5406 10.5406
 955.678 14.1276 10.5427 10.5427
 960.603 14.1399 10.5448 10.5448
 965.528 14.1522 10.5468 10.5468
 970.452 14.1643 10.5489 10.5489
 975.377 14.1763 10.5509 10.5509
 980.302 14.1882 10.5529 10.5529
 985.226 14.2 10.5549 10.5549
 990.151 14.2118 10.5568 10.5568
 995.075 14.2234 10.5587 10.5587
 1000 14.2349 10.5607 10.5607
