 n eq ec ec2 ratio
 2 0.25 0.895025 0.986233 0.279322
 3 0.125 0.846745 0.97942 0.147624
 4 0.0625 0.80107 0.972655 0.0780207
 5 0.03125 0.757858 0.965936 0.0412346
 6 0.015625 0.716978 0.959264 0.0217929
 7 0.0078125 0.678302 0.952638 0.0115177
 8 0.00390625 0.641713 0.946058 0.00608722
 9 0.00195312 0.607097 0.939523 0.00321715
 10 0.000976562 0.574349 0.933033 0.00170029
 11 0.000488281 0.543367 0.926588 0.000898621
 12 0.000244141 0.514057 0.920188 0.000474929
 13 0.00012207 0.486327 0.913831 0.000251004
 14 6.10352e-05 0.460094 0.907519 0.000132658
 15 3.05176e-05 0.435275 0.90125 7.0111e-05
 16 1.52588e-05 0.411796 0.895025 3.70543e-05
 17 7.62939e-06 0.389582 0.888843 1.95835e-05
 18 3.8147e-06 0.368567 0.882703 1.03501e-05
 19 1.90735e-06 0.348686 0.876606 5.47011e-06
 20 9.53674e-07 0.329877 0.870551 2.891e-06
 21 4.76837e-07 0.312083 0.864537 1.52792e-06
 22 2.38419e-07 0.295248 0.858565 8.07519e-07
 23 1.19209e-07 0.279322 0.852635 4.26781e-07
 24 5.96046e-08 0.264255 0.846745 2.25558e-07
 25 2.98023e-08 0.25 0.840896 1.19209e-07
 26 1.49012e-08 0.236514 0.835088 6.30032e-08
 27 7.45058e-09 0.223756 0.82932 3.32978e-08
 28 3.72529e-09 0.211686 0.823591 1.75982e-08
 29 1.86265e-09 0.200267 0.817902 9.30079e-09
 30 9.31323e-10 0.189465 0.812252 4.91555e-09
