 S b0 b1 b2
 30 400 361.935 327.492
 30.101 400 362.667 328.818
 30.202 400 363.4 330.149
 30.303 400 364.135 331.486
 30.404 400 364.872 332.828
 30.5051 400 365.609 334.176
 30.6061 400 366.349 335.529
 30.7071 400 367.09 336.887
 30.8081 400 367.832 338.251
 30.9091 400 368.576 339.62
 31.0101 400 369.321 340.995
 31.1111 400 370.068 342.376
 31.2121 400 370.816 343.762
 31.3131 400 371.566 345.154
 31.4141 400 372.318 346.551
 31.5152 400 373.071 347.954
 31.6162 400 373.825 349.363
 31.7172 400 374.581 350.777
 31.8182 400 375.338 352.197
 31.9192 400 376.097 353.623
 32.0202 400 376.858 355.055
 32.1212 400 377.62 356.492
 32.2222 400 378.384 357.936
 32.3232 400 379.149 359.385
 32.4242 400 379.916 360.84
 32.5253 400 380.684 362.301
 32.6263 400 381.454 363.768
 32.7273 400 382.225 365.24
 32.8283 400 382.998 366.719
 32.9293 400 383.773 368.204
 33.0303 400 384.549 369.694
 33.1313 400 385.326 371.191
 33.2323 400 386.106 372.694
 33.3333 400 386.886 374.203
 33.4343 400 387.669 375.718
 33.5354 400 388.453 377.239
 33.6364 400 389.238 378.766
 33.7374 400 390.025 380.3
 33.8384 400 390.814 381.839
 33.9394 400 391.605 383.385
 34.0404 400 392.396 384.937
 34.1414 400 393.19 386.496
 34.2424 400 393.985 388.061
 34.3434 400 394.782 389.632
 34.4444 400 395.58 391.209
 34.5455 400 396.38 392.793
 34.6465 400 397.182 394.383
 34.7475 400 397.985 395.98
 34.8485 400 398.79 397.583
 34.9495 400 399.596 399.193
 35.0505 400 400.404 400.809
 35.1515 400 401.214 402.432
 35.2525 400 402.025 404.061
 35.3535 400 402.838 405.697
 35.4545 400 403.653 407.339
 35.5556 400 404.469 408.988
 35.6566 400 405.287 410.644
 35.7576 400 406.107 412.307
 35.8586 400 406.928 413.976
 35.9596 400 407.751 415.652
 36.0606 400 408.575 417.335
 36.1616 400 409.402 419.024
 36.2626 400 410.23 420.721
 36.3636 400 411.059 422.424
 36.4646 400 411.89 424.134
 36.5657 400 412.723 425.852
 36.6667 400 413.558 427.576
 36.7677 400 414.394 429.307
 36.8687 400 415.232 431.045
 36.9697 400 416.072 432.79
 37.0707 400 416.913 434.542
 37.1717 400 417.757 436.301
 37.2727 400 418.601 438.068
 37.3737 400 419.448 439.841
 37.4747 400 420.296 441.622
 37.5758 400 421.146 443.41
 37.6768 400 421.998 445.205
 37.7778 400 422.851 447.008
 37.8788 400 423.706 448.817
 37.9798 400 424.563 450.634
 38.0808 400 425.422 452.459
 38.1818 400 426.282 454.291
 38.2828 400 427.144 456.13
 38.3838 400 428.008 457.977
 38.4848 400 428.873 459.831
 38.5859 400 429.741 461.692
 38.6869 400 430.61 463.562
 38.7879 400 431.48 465.438
 38.8889 400 432.353 467.323
 38.9899 400 433.227 469.215
 39.0909 400 434.103 471.114
 39.1919 400 434.981 473.022
 39.2929 400 435.861 474.937
 39.3939 400 436.742 476.86
 39.4949 400 437.626 478.79
 39.596 400 438.51 480.729
 39.697 400 439.397 482.675
 39.798 400 440.286 484.629
 39.899 400 441.176 486.591
 40 400 442.068 488.561
