 x n05 n08 n10
 0.001 31.6228 251.189 1000
 0.00109138 30.27 234.218 916.274
 0.0011911 28.9751 218.394 839.558
 0.00129994 27.7356 203.639 769.265
 0.00141873 26.5492 189.881 704.857
 0.00154837 25.4134 177.052 645.842
 0.00168985 24.3263 165.09 591.769
 0.00184426 23.2857 153.937 542.222
 0.00201279 22.2895 143.536 496.824
 0.00219671 21.336 133.839 455.227
 0.00239743 20.4233 124.797 417.112
 0.0026165 19.5497 116.365 382.189
 0.00285559 18.7134 108.503 350.19
 0.00311653 17.9128 101.173 320.87
 0.0034013 17.1466 94.3373 294.005
 0.00371211 16.4131 87.9638 269.389
 0.0040513 15.711 82.0208 246.834
 0.0044215 15.0389 76.4794 226.168
 0.00482552 14.3955 71.3123 207.231
 0.00526646 13.7797 66.4944 189.881
 0.00574769 13.1903 62.0019 173.983
 0.0062729 12.626 57.813 159.416
 0.0068461 12.0859 53.9071 146.069
 0.00747167 11.5689 50.265 133.839
 0.00815441 11.074 46.869 122.633
 0.00889953 10.6003 43.7025 112.365
 0.00971274 10.1468 40.7499 102.958
 0.0106003 9.71274 37.9968 94.3373
 0.0115689 9.29725 35.4297 86.4388
 0.012626 8.89953 33.036 79.2016
 0.0137797 8.51883 30.804 72.5704
 0.0150389 8.15441 28.7229 66.4944
 0.0164131 7.80558 26.7823 60.927
 0.0179128 7.47167 24.9729 55.8259
 0.0195497 7.15205 23.2857 51.1518
 0.021336 6.8461 21.7125 46.869
 0.0232857 6.55323 20.2455 42.9449
 0.0254134 6.2729 18.8777 39.3493
 0.0277356 6.00456 17.6023 36.0547
 0.03027 5.74769 16.4131 33.036
 0.033036 5.50182 15.3042 30.27
 0.0360547 5.26646 14.2702 27.7356
 0.0393493 5.04117 13.3061 25.4134
 0.0429449 4.82552 12.4071 23.2857
 0.046869 4.6191 11.5689 21.336
 0.0511518 4.4215 10.7873 19.5497
 0.0558259 4.23236 10.0585 17.9128
 0.060927 4.0513 9.3789 16.4131
 0.0664944 3.878 8.74525 15.0389
 0.0725704 3.71211 8.15441 13.7797
 0.0792016 3.55331 7.60348 12.626
 0.0864388 3.4013 7.08978 11.5689
 0.0943373 3.2558 6.61079 10.6003
 0.102958 3.11653 6.16415 9.71274
 0.112365 2.98321 5.74769 8.89953
 0.122633 2.85559 5.35937 8.15441
 0.133839 2.73344 4.99729 7.47167
 0.146069 2.6165 4.65966 6.8461
 0.159416 2.50458 4.34485 6.2729
 0.173983 2.39743 4.0513 5.74769
 0.189881 2.29488 3.77759 5.26646
 0.207231 2.19671 3.52237 4.82552
 0.226168 2.10274 3.2844 4.4215
 0.246834 2.01279 3.0625 4.0513
 0.269389 1.92668 2.85559 3.71211
 0.294005 1.84426 2.66266 3.4013
 0.32087 1.76537 2.48277 3.11653
 0.35019 1.68985 2.31503 2.85559
 0.382189 1.61756 2.15863 2.6165
 0.417112 1.54837 2.01279 2.39743
 0.455227 1.48213 1.8768 2.19671
 0.496824 1.41873 1.75 2.01279
 0.542222 1.35804 1.63177 1.84426
 0.591769 1.29994 1.52152 1.68985
 0.645842 1.24433 1.41873 1.54837
 0.704857 1.1911 1.32288 1.41873
 0.769265 1.14015 1.2335 1.29994
 0.839558 1.09138 1.15016 1.1911
 0.916274 1.04469 1.07246 1.09138
 1 1 1 1
