 re im
 -0.150067 -0.0859417
 -0.158453 -1.72446
 -0.0314795 -0.789596
 -0.140377 -0.514961
 -0.176817 1.02785
 -0.0228067 0.287113
 -0.151821 3.21595
 -0.182307 2.03472
 -0.146348 -1.01314
 -0.196889 1.4576
 -0.181756 2.62597
 -0.181703 2.63045
 -0.150067 3.31406
 -0.305504 1.78495
 -0.0325462 1.81222
 -0.170153 1.89989
 -0.182987 1.92869
 -0.0314795 2.6104
 -0.314691 0.707726
 -0.0222628 0.589171
 -0.331922 1.24243
 -0.187173 1.03278
 -0.158453 1.67554
 -0.162503 -0.126076
 -0.16632 -0.523781
 -0.170045 0.396151
 -0.161869 0.276171
 -0.166199 -0.0218834
 -0.166199 -3.42188
 -0.297805 3.72903
 -0.300869 4.32595
 -0.303008 4.22709
 -0.146348 4.41314
 -0.140377 3.91496
 -0.29556 3.82794
 -0.187173 -2.36722
 -0.333791 -3.04577
 -0.33303 -3.6415
 -0.33303 3.6415
 -0.332187 3.637
 -0.303008 -4.22709
 -0.177288 3.62285
 -0.328639 -2.54771
 -0.16632 3.92378
 -0.320746 3.83663
 -0.162503 3.52608
 -0.355528 -2.55631
 -0.347751 -2.46954
 -0.317101 3.43789
 -0.322878 3.73779
 -0.327856 3.14343
 -0.354382 -3.15213
 -0.297805 -3.72903
 -0.327856 -3.14343
 -0.32698 3.1388
 -0.327786 -2.03976
 -0.322878 -3.73779
 -0.332187 -3.637
 -0.320911 -2.91183
 -0.33308 -2.93935
 -0.318822 3.33879
 -0.0228067 3.11289
 -0.350223 -2.75292
 -0.173267 2.92761
 -0.181703 -2.63045
 -0.171283 3.12437
 -0.351098 -2.15681
 -0.318822 -3.33879
 -0.353951 -2.6504
 -0.151821 -3.21595
 -0.322646 -3.23605
 -0.172096 3.02584
 -0.328639 2.54771
 -0.333791 3.04577
 -0.704064 2.65254
 -0.676022 2.63898
 -0.66784 2.26027
 -0.0222628 2.81083
 -0.33308 2.93935
 -0.327956 2.44094
 -0.354382 3.15213
 -0.320911 2.91183
 -0.161869 3.12383
 -0.353219 3.14752
 -0.315589 2.41383
 -0.177938 2.82449
 -0.19831 3.13337
 -0.350223 2.75292
 -0.166199 3.42188
 -0.34959 2.74833
 -0.171514 2.72447
 -0.194784 2.73489
 -0.32698 -3.1388
 -0.204602 2.34191
 -0.316455 3.03618
 -0.0913452 2.65923
 -0.320512 3.33486
 -0.173182 2.62599
 -0.205201 2.33659
 -0.21656 2.65777
 -0.171688 2.3265
 -0.170045 3.00385
 -0.314691 2.69227
 -0.318355 2.93723
 -0.101537 2.23176
 -0.322646 3.23605
 -0.325196 2.91693
 -0.327446 2.81804
 -0.353219 -3.14752
 -0.173267 -2.92761
 -0.318355 -2.93723
 -0.0325462 -1.58778
 -0.704064 -2.65254
 -0.177938 -2.82449
 -0.327446 -2.81804
 -0.305504 -1.61505
 -0.34959 -2.74833
 -0.182307 -2.03472
 -0.327956 -2.44094
 -0.354287 -2.44971
 -0.315589 -2.41383
 -0.21656 -2.65777
 -0.338013 -2.40997
 -0.352885 -2.64583
 -0.181756 -2.62597
 -0.173182 -2.62599
 -0.719309 -2.08568
 -0.349667 -2.35148
 -0.342444 -1.97154
 -0.355041 -2.05459
 -0.367177 -1.97384
 -0.204602 -2.34191
 -0.585892 2.24316
 -0.357269 -2.24501
 -0.0555187 2.32277
 -0.030896 2.23587
 -0.347751 2.46954
 -0.353951 2.6504
 -0.66784 -2.26027
 -0.352885 2.64583
 -0.719309 2.08568
 -0.350504 -1.75543
 -0.176817 2.37215
 -0.198139 2.63149
 -0.355528 2.55631
 -0.205423 -1.74575
 -0.254131 -2.08166
 -0.204302 -2.04027
 -0.342444 1.97154
 -0.691106 1.70143
 -0.35061 -2.05042
 -0.705575 1.9573
 -0.354287 2.44971
 -0.338276 -2.03928
 -0.709954 2.14279
 -0.338013 2.40997
 -0.205201 -2.33659
 -0.351098 2.15681
 -0.0547927 2.0208
 -0.349667 2.35148
 -0.348777 2.34676
 -0.171688 -2.3265
 -0.193806 2.33312
 -0.254131 2.08166
 -0.199194 2.33495
 -0.204302 2.04027
 -0.35061 2.05042
 -0.338276 2.03928
 -0.204375 2.03544
 -0.187173 2.36722
 -0.300869 -4.32595
 -0.29556 -3.82794
 -0.320746 -3.83663
 -0.177288 -3.62285
 -0.348777 -2.34676
 -0.199194 -2.33495
 -0.317101 -3.43789
 -0.709954 -2.14279
 -0.150067 -3.31406
 -0.101537 -2.23176
 -0.356832 -2.2145
 -0.689712 -1.50932
 -0.692027 2.12102
 -0.244949 -2.15646
 -0.344321 -2.18151
 -0.705575 -1.9573
 -0.349064 -1.55068
 -0.691106 -1.70143
 -0.3225 -1.54178
 -0.354044 -1.9481
 -0.682128 1.86392
 -0.338447 -1.91366
 -0.170153 -1.89989
 -0.182987 -1.92869
 -0.614036 1.83307
 -0.621838 1.57721
 -0.102437 2.1618
 -0.34209 2.28038
 -0.357269 2.24501
 -0.208949 2.2044
 -0.124283 1.99764
 -0.356832 2.2145
 -0.205423 1.74575
 -0.244949 2.15646
 -0.682128 -1.86392
 -0.327786 2.03976
 -0.0448215 1.82813
 -0.331922 2.15757
 -0.356128 -1.64351
 -0.344321 2.18151
 -0.724958 -1.57523
 -0.195459 1.93678
 -0.196889 1.9424
 -0.168709 -1.60229
 -0.344266 1.90033
 -0.124283 -1.99764
 -0.371674 -1.58754
 -0.204375 -2.03544
 -0.12521 1.8195
 -0.120418 1.65119
 -0.355041 2.05459
 -0.169287 -1.30023
 -0.260092 -1.53623
 -0.195459 -1.93678
 -0.0543473 1.57077
 -0.367177 1.97384
 -0.0325462 -1.81222
 -0.120418 -1.65119
 -0.20637 1.63959
 -0.203192 1.6237
 -0.366722 -1.47389
 -0.320512 -3.33486
 -0.171283 -3.12437
 -0.19831 -3.13337
 -0.354044 1.9481
 -0.172096 -3.02584
 -0.316455 -3.03618
 -0.338447 1.91366
 -0.0567741 1.5244
 -0.893417 1.08143
 -0.689712 1.50932
 -0.199 1.833
 -0.676022 -2.63898
 -0.724958 1.57523
 -0.68416 1.6297
 -0.325196 -2.91693
 -0.672507 1.1392
 -0.350504 1.75543
 -0.733284 1.29457
 -0.3225 1.54178
 -0.671934 1.59544
 -0.734678 1.44737
 -0.171514 -2.72447
 -0.194784 -2.73489
 -0.0314795 -2.6104
 -0.0913452 -2.65923
 -0.326632 1.49816
 -0.666184 1.28735
 -0.198139 -2.63149
 -0.691205 1.22785
 -0.176817 -1.02785
 -0.672507 -1.1392
 -0.585892 -2.24316
 -0.68416 -1.6297
 -0.12521 -1.8195
 -0.345351 -1.15156
 -0.196889 -1.4576
 -0.733284 -1.29457
 -0.199 -1.833
 -0.205203 -1.44424
 -0.692027 -2.12102
 -0.20637 -1.63959
 -0.203192 -1.6237
 -0.305504 -1.78495
 -0.0555187 -2.32277
 -0.621838 -1.57721
 -0.349864 -1.64893
 -0.168709 1.60229
 -0.349033 -1.6236
 -0.734678 -1.44737
 -0.371674 1.58754
 -0.030896 -2.23587
 -0.209314 1.57107
 -0.193806 -2.33312
 -0.375552 -1.60342
 -0.264277 -1.58356
 -0.0958757 1.63143
 -0.654386 1.44126
 -0.654386 -1.44126
 -0.34209 -2.28038
 -0.208949 -2.2044
 -0.102437 -2.1618
 -0.367511 -1.52895
 -0.666184 -1.28735
 -0.0547927 -2.0208
 -0.691205 -1.22785
 -0.687461 -0.994292
 -0.0543473 -1.57077
 -0.893417 -1.08143
 -0.69157 -1.35302
 -0.346762 -1.50292
 -0.0567741 -1.5244
 -0.34864 -1.04888
 -0.922315 0.537394
 -0.367864 -1.17793
 -0.239962 -1.61903
 -0.378767 -1.58312
 -0.227737 -1.16492
 -0.117935 -1.34204
 -0.124111 -1.09823
 -0.135887 -1.4822
 -0.194602 -1.5345
 -0.162741 -1.10411
 -0.176555 -1.10994
 -0.326632 -1.49816
 -0.315497 -1.53882
 -0.0325462 1.58778
 -0.649303 1.16639
 -0.617169 0.908797
 -0.69157 1.35302
 -0.601405 0.836337
 -0.603691 1.40691
 -0.349864 1.64893
 -0.356128 1.64351
 -0.349033 1.6236
 -0.651933 1.07691
 -0.260092 1.53623
 -0.124111 1.09823
 -0.227737 1.16492
 -0.604586 1.33331
 -0.205203 1.44424
 -0.264277 1.58356
 -0.239962 1.61903
 -0.177945 1.40092
 -0.162741 1.10411
 -0.0560208 1.22246
 -0.0286429 1.4063
 -0.375552 1.60342
 -0.305504 1.61505
 -0.367511 1.52895
 -0.117935 1.34204
 -0.227314 1.57844
 -0.0707014 1.16254
 -0.349064 1.55068
 -0.100722 1.25634
 -0.378767 1.58312
 -0.135887 1.4822
 -0.205874 1.338
 -0.14308 1.26414
 -0.194602 1.5345
 -0.20795 1.29783
 -0.346762 1.50292
 -0.366722 1.47389
 -0.111012 1.38962
 -0.182307 1.36528
 -0.170153 1.50011
 -0.169287 1.30023
 -0.614036 -1.83307
 -0.344266 -1.90033
 -0.0448215 -1.82813
 -0.706418 -0.794665
 -0.691933 -1.06463
 -0.671934 -1.59544
 -0.0427309 0.906859
 -0.158453 1.72446
 -0.100722 -1.25634
 -0.205874 -1.338
 -0.20795 -1.29783
 -0.326835 1.19353
 -0.0483141 1.33244
 -0.909978 1.10097e-15
 -0.665268 0.669265
 -0.922315 -0.537394
 -0.649303 -1.16639
 -0.313267 1.63767
 -0.181756 -0.774027
 -0.352974 0.953101
 -0.14308 -1.26414
 -0.158453 -1.67554
 -0.0581252 1.07781
 -0.111012 -1.38962
 -0.383771 -1.06302
 -0.313267 -1.63767
 -0.182732 1.50182
 -0.212071 -1.42373
 -0.147674 1.16991
 -0.182987 1.47131
 -0.209314 -1.57107
 -0.227314 -1.57844
 -0.315497 1.53882
 -0.915612 0.544137
 -0.0401848 0.828444
 -0.361822 1.36848
 -0.691933 1.06463
 -0.212071 1.42373
 -0.0958757 -1.63143
 -0.0228067 -0.287113
 -0.687461 0.994292
 -0.6794 -0.377641
 -0.113499 1.32571
 -0.706418 0.794665
 -0.942876 4.0507e-15
 -0.184492 -1.4037
 -0.184492 1.4037
 -0.687688 -0.732793
 -0.692325 0.142708
 -0.915612 -0.544137
 -0.331922 -1.24243
 -0.345351 1.15156
 -0.618397 0.412118
 -0.113499 -1.32571
 -0.158323 1.10185
 -0.250611 1.13793
 -0.687688 0.732793
 -0.0560208 -1.22246
 -0.345423 1.10526
 -0.306021 -1.0349
 -0.375696 -1.00552
 -0.0707014 -1.16254
 -0.690731 0.872802
 -0.690731 -0.872802
 -0.163322 -0.802055
 -0.344502 -0.749937
 -0.725975 -0.76202
 -0.695728 -0.922765
 -0.695728 0.922765
 -0.725975 0.76202
 -0.181333 -0.804011
 -0.0581252 -1.07781
 -0.617169 -0.908797
 -0.146348 1.01314
 -0.326835 -1.19353
 -0.703942 -0.775904
 -0.305173 1.09314
 -0.367864 1.17793
 -0.140377 0.514961
 -0.748198 -0.259349
 -0.603691 -1.40691
 -0.703942 0.775904
 -0.0286429 -1.4063
 -0.604586 -1.33331
 -0.691727 -0.741005
 -0.601405 -0.836337
 -0.383771 1.06302
 -0.176555 1.10994
 -0.163322 0.802055
 -0.691727 0.741005
 -0.0528114 0.393802
 -0.896608 -3.30066e-16
 -0.638672 0.497023
 -0.691712 0.407957
 -0.642833 -0.484926
 -0.182732 -1.50182
 -0.0410736 0.315456
 -0.361822 -1.36848
 -0.200223 -0.739325
 -0.113417 -0.836767
 -0.6794 0.377641
 -0.177945 -1.40092
 -0.651933 -1.07691
 -0.357279 -0.637045
 -0.345423 -1.10526
 -0.69259 0.263498
 -0.0427309 -0.906859
 -0.305173 -1.09314
 -0.220591 -0.861681
 -0.0483141 -1.33244
 -0.306021 1.0349
 -0.34864 1.04888
 -0.29163 1.0477
 -0.252385 0.7658
 -0.632718 0.740758
 -0.140707 0.968581
 -0.200223 0.739325
 -0.113417 0.836767
 -0.220591 0.861681
 -0.695733 0.696253
 -0.165493 0.765368
 -0.375696 1.00552
 -0.29163 -1.0477
 -0.0222628 -0.589171
 -0.187173 -1.03278
 -0.0401848 -0.828444
 -0.620928 0.426355
 -0.0893226 -0.435961
 -0.667313 -0.321455
 -0.596396 -1.56312e-15
 -0.748198 0.259349
 -0.633552 0.66562
 -0.618397 -0.412118
 -0.379207 0.894454
 -0.12206 0.580732
 -0.140707 -0.968581
 -0.664712 -0.249157
 -0.678943 0.517502
 -0.695733 -0.696253
 -0.616774 0.664338
 -0.151821 -0.184048
 -0.0579707 0.518198
 -0.338417 0.419264
 -0.632718 -0.740758
 -0.0668789 0.499623
 -0.665268 -0.669265
 -0.352974 -0.953101
 -0.0572895 0.436509
 -0.743306 -0.15256
 -0.0528114 -0.393802
 -0.633552 -0.66562
 -0.346964 -0.953408
 -0.19976 -0.437736
 -0.379207 -0.894454
 -0.691712 -0.407957
 -0.189794 -0.419205
 -0.374663 -0.862253
 -0.638672 -0.497023
 -0.642833 0.484926
 -0.345835 -0.948665
 -0.667313 0.321455
 -0.182684 -0.722653
 -0.314691 -0.707726
 -0.743306 0.15256
 -0.147674 -1.16991
 -0.061325 0.739557
 -0.134464 0.82987
 -0.250611 -1.13793
 -0.0410736 -0.315456
 -0.374663 0.862253
 -0.158323 -1.10185
 -0.353317 0.649929
 -0.162062 -0.685037
 -0.344502 0.749937
 -0.63616 1.07914e-16
 -0.341495 0.648055
 -0.18463 -0.303319
 -0.692325 -0.142708
 -0.346964 0.953408
 -0.69259 -0.263498
 -0.345835 0.948665
 -0.616774 -0.664338
 -0.134464 -0.82987
 -0.0862807 -0.752831
 -0.0893226 0.435961
 -0.620928 -0.426355
 -0.664712 0.249157
 -0.190516 0.934055
 -0.337806 0.824373
 -0.161585 0.827405
 -0.0862807 0.752831
 -0.162062 0.685037
 -0.161585 -0.827405
 -0.678943 -0.517502
 -0.0715124 9.02056e-16
 -0.400462 -0.423249
 -0.182684 0.722653
 -0.0626878 0.787036
 -0.677944 0.240211
 -0.677944 -0.240211
 -0.181333 0.804011
 -0.0470496 0.55728
 -0.061325 -0.739557
 -0.199802 -0.821481
 -0.0781332 0.652398
 -0.655314 -0.169831
 -0.655314 0.169831
 -0.199802 0.821481
 -0.0519646 0.677074
 -0.181382 -0.605261
 -0.211767 -0.806625
 -0.209771 0.570542
 -0.332433 0.548412
 -0.211767 0.806625
 -0.167209 0.489338
 -0.18096 -0.753658
 -0.0579707 -0.518198
 -0.328993 -0.495959
 -0.18096 0.753658
 -0.19976 0.437736
 -0.0470496 -0.55728
 -0.353317 -0.649929
 -0.0781332 -0.652398
 -0.0668789 -0.499623
 -0.114445 0.0579596
 -0.189794 0.419205
 -0.193089 0.416405
 -0.0572895 -0.436509
 -0.246658 0.38236
 -0.338417 -0.419264
 -0.120307 -0.317153
 -0.372615 -5.4933e-05
 -0.620097 0.0721156
 -0.194367 0.108681
 -0.190131 -0.00722625
 -0.348117 -0.357666
 -0.630774 -2.38683e-15
 -0.659891 -0.0388624
 -0.0401139 -1.31209e-15
 -0.620097 -0.0721156
 -0.195811 -0.321146
 -0.606095 -1.20655e-15
 -0.361732 0.223935
 -0.157529 -0.244977
 -0.146641 -0.198782
 -0.190516 -0.934055
 -0.337806 -0.824373
 -0.132942 0.18699
 -0.165493 -0.765368
 -0.193569 -0.193287
 -0.252385 -0.7658
 -0.357279 0.637045
 -0.181703 0.769551
 -0.130827 0.599933
 -0.221937 0.783962
 -0.221937 -0.783962
 -0.642136 -7.58873e-16
 -0.16632 0.523781
 -0.337829 0.117674
 -0.120307 0.317153
 -0.207295 -0.228279
 -0.363711 0.571787
 -0.203133 0.710231
 -0.181756 0.774027
 -0.126021 -0.653552
 -0.219367 0.678819
 -0.126021 0.653552
 -0.12206 -0.580732
 -0.363711 -0.571787
 -0.328614 0.545695
 -0.332433 -0.548412
 -0.18339 -0.605508
 -0.195811 0.321146
 -0.328614 -0.545695
 -0.167209 -0.489338
 -0.337829 -0.117674
 -0.170045 -0.396151
 -0.193089 -0.416405
 -0.328215 1.09e-17
 -0.157529 0.244977
 -0.0577938 0.0755859
 -0.162503 0.126076
 -0.14545 -0.320791
 -0.161869 -0.276171
 -0.111769 -0.217415
 -0.108096 3.1247e-16
 -0.0577938 -0.0755859
 -0.146641 0.198782
 -0.337025 -0.215197
 -0.193569 0.193287
 -0.111769 0.217415
 -0.114445 -0.0579596
 -0.0480712 3.32979e-16
 -0.190131 0.00722625
 -0.132942 -0.18699
 -0.151536 -0.102226
 -0.194367 -0.108681
 -0.118103 1.04721e-16
 -0.0488811 -7.16878e-17
 -0.0314795 0.789596
 -0.341495 -0.648055
 -0.219367 -0.678819
 -0.659891 0.0388624
 -0.400462 0.423249
 -0.328993 0.495959
 -0.246658 -0.38236
 -0.14545 0.320791
 -0.347049 -0.250827
 -0.344926 2.16276e-16
 -0.18463 0.303319
 -0.225936 -0.103405
 -0.0954206 0.0198823
 -0.0626878 -0.787036
 -0.203133 -0.710231
 -0.0519646 -0.677074
 -0.181382 0.605261
 -0.181638 0.70362
 -0.181638 -0.70362
 -0.130827 -0.599933
 -0.18339 0.605508
 -0.209771 -0.570542
 -0.587858 -9.73669e-16
 -0.348117 0.357666
 -0.347049 0.250827
 -0.372615 5.4933e-05
 -0.207295 0.228279
 -0.361732 -0.223935
 -0.337025 0.215197
 -0.338627 0.0255612
 -0.204493 -0.0881472
 -0.318014 -1.56404e-16
 -0.151536 0.102226
 -0.338627 -0.0255612
 -0.206708 -0.0279356
 -0.191359 -0.135478
 -0.225936 0.103405
 -0.151821 0.184048
 -0.120852 -3.23226e-16
 -0.166199 0.0218834
 -0.204493 0.0881472
 -0.215779 -0.00923588
 -0.0812986 8.68178e-18
 -0.191359 0.135478
 -0.0954206 -0.0198823
 -0.150067 0.0859417
 -0.215779 0.00923588
 -0.206708 0.0279356
 -0.140377 -3.91496
 -0.0228067 -3.11289
 -0.176817 -2.37215
 -0.146348 -4.41314
 -0.162503 -3.52608
 -0.0222628 -2.81083
 -0.196889 -1.9424
 -0.182307 -1.36528
 -0.314691 -2.69227
 -0.181703 -0.769551
 -0.16632 -3.92378
 -0.161869 -3.12383
 -0.331922 -2.15757
 -0.170045 -3.00385
 -0.170153 -1.50011
 -0.182987 -1.47131
