 N f feff
 5 0.99501 0.99853
 6.21849 0.993798 0.998172
 7.43697 0.992587 0.997814
 8.65546 0.991378 0.997456
 9.87395 0.99017 0.997098
 11.0924 0.988963 0.996741
 12.3109 0.987758 0.996384
 13.5294 0.986555 0.996026
 14.7479 0.985353 0.995669
 15.9664 0.984153 0.995312
 17.1849 0.982953 0.994955
 18.4034 0.981756 0.994599
 19.6218 0.98056 0.994242
 20.8403 0.979365 0.993886
 22.0588 0.978172 0.993529
 23.2773 0.97698 0.993173
 24.4958 0.97579 0.992817
 25.7143 0.974601 0.992461
 26.9328 0.973414 0.992105
 28.1513 0.972228 0.99175
 29.3697 0.971043 0.991394
 30.5882 0.96986 0.991039
 31.8067 0.968678 0.990683
 33.0252 0.967498 0.990328
 34.2437 0.966319 0.989973
 35.4622 0.965142 0.989618
 36.6807 0.963966 0.989263
 37.8992 0.962792 0.988909
 39.1176 0.961619 0.988554
 40.3361 0.960447 0.9882
 41.5546 0.959277 0.987845
 42.7731 0.958108 0.987491
 43.9916 0.956941 0.987137
 45.2101 0.955775 0.986783
 46.4286 0.954611 0.98643
 47.6471 0.953448 0.986076
 48.8655 0.952286 0.985722
 50.084 0.951126 0.985369
 51.3025 0.949967 0.985016
 52.521 0.948809 0.984663
 53.7395 0.947653 0.98431
 54.958 0.946499 0.983957
 56.1765 0.945346 0.983604
 57.395 0.944194 0.983251
 58.6134 0.943044 0.982899
 59.8319 0.941895 0.982546
 61.0504 0.940747 0.982194
 62.2689 0.939601 0.981842
 63.4874 0.938456 0.98149
 64.7059 0.937313 0.981138
 65.9244 0.936171 0.980786
 67.1429 0.93503 0.980435
 68.3613 0.933891 0.980083
 69.5798 0.932753 0.979732
 70.7983 0.931617 0.97938
 72.0168 0.930482 0.979029
 73.2353 0.929348 0.978678
 74.4538 0.928216 0.978327
 75.6723 0.927085 0.977977
 76.8908 0.925955 0.977626
 78.1092 0.924827 0.977276
 79.3277 0.9237 0.976925
 80.5462 0.922575 0.976575
 81.7647 0.921451 0.976225
 82.9832 0.920328 0.975875
 84.2017 0.919207 0.975525
 85.4202 0.918087 0.975175
 86.6387 0.916969 0.974826
 87.8571 0.915851 0.974476
 89.0756 0.914736 0.974127
 90.2941 0.913621 0.973777
 91.5126 0.912508 0.973428
 92.7311 0.911396 0.973079
 93.9496 0.910286 0.97273
 95.1681 0.909177 0.972382
 96.3866 0.908069 0.972033
 97.605 0.906963 0.971685
 98.8235 0.905858 0.971336
 100.042 0.904754 0.970988
 101.261 0.903652 0.97064
 102.479 0.902551 0.970292
 103.697 0.901451 0.969944
 104.916 0.900353 0.969596
 106.134 0.899256 0.969249
 107.353 0.89816 0.968901
 108.571 0.897066 0.968554
 109.79 0.895973 0.968207
 111.008 0.894882 0.967859
 112.227 0.893791 0.967512
 113.445 0.892702 0.967166
 114.664 0.891615 0.966819
 115.882 0.890528 0.966472
 117.101 0.889443 0.966126
 118.319 0.88836 0.965779
 119.538 0.887277 0.965433
 120.756 0.886196 0.965087
 121.975 0.885117 0.964741
 123.193 0.884038 0.964395
 124.412 0.882961 0.964049
 125.63 0.881885 0.963704
 126.849 0.880811 0.963358
 128.067 0.879738 0.963013
 129.286 0.878666 0.962667
 130.504 0.877596 0.962322
 131.723 0.876526 0.961977
 132.941 0.875458 0.961632
 134.16 0.874392 0.961288
 135.378 0.873326 0.960943
 136.597 0.872262 0.960598
 137.815 0.8712 0.960254
 139.034 0.870138 0.95991
 140.252 0.869078 0.959566
 141.471 0.868019 0.959222
 142.689 0.866962 0.958878
 143.908 0.865905 0.958534
 145.126 0.86485 0.95819
 146.345 0.863797 0.957847
 147.563 0.862744 0.957503
 148.782 0.861693 0.95716
 150 0.860643 0.956817
