 ppm b1 b5 b20 b100 h
 280 0.0337134 0.0130519 7.16473e-05 3.84773e-18 0.49
 309.677 0.0367087 0.019976 0.000393133 1.91384e-14 0.40488
 339.355 0.0395564 0.0290234 0.00175185 3.36268e-11 0.330166
 369.032 0.0421838 0.0400305 0.00633969 2.08712e-08 0.265858
 398.71 0.04452 0.0524129 0.0186319 4.57604e-06 0.211956
 428.387 0.0464992 0.0651462 0.0444694 0.000354415 0.16846
 458.065 0.0480636 0.0768678 0.086195 0.00969651 0.135369
 487.742 0.0491663 0.0861001 0.135681 0.093713 0.112685
 517.419 0.0497738 0.0915518 0.173449 0.319937 0.100406
 547.097 0.0498671 0.0924133 0.18007 0.385843 0.0985328
 576.774 0.0494434 0.0885535 0.151819 0.164375 0.107066
 606.452 0.0485158 0.0805529 0.103951 0.0247368 0.126004
 636.129 0.0471128 0.0695601 0.0578023 0.00131501 0.155349
 665.806 0.0452768 0.0570222 0.0261023 2.46944e-05 0.195099
 695.484 0.0430619 0.0443743 0.00957257 1.63813e-07 0.245255
 725.161 0.0405314 0.032781 0.00285098 3.83864e-10 0.305817
 754.839 0.0377547 0.0229889 0.000689567 3.17751e-13 0.376785
 784.516 0.0348041 0.0153044 0.000135449 9.29133e-17 0.458158
 814.194 0.031752 0.00967211 2.16067e-05 9.59731e-21 0.549938
 843.871 0.0286677 0.00580268 2.79911e-06 3.50188e-25 0.652123
 873.548 0.0256151 0.00330476 2.94487e-07 4.51372e-30 0.764714
 903.226 0.0226505 0.00178672 2.5161e-08 2.05517e-35 0.887711
 932.903 0.0198218 0.000917014 1.74585e-09 3.30554e-41 1.02111
 962.581 0.0171667 0.000446786 9.8379e-11 1.87809e-47 1.16492
 992.258 0.0147134 0.000206646 4.50208e-12 3.7694e-54 1.31914
 1021.94 0.0124801 9.07317e-05 1.67317e-13 2.67244e-61 1.48376
 1051.61 0.0104763 3.78177e-05 5.04991e-15 6.69306e-69 1.65878
 1081.29 0.0087031 1.49636e-05 1.23778e-16 5.92137e-77 1.84421
 1110.97 0.00715522 5.62055e-06 2.46388e-18 1.85055e-85 2.04005
 1140.65 0.00582174 2.00413e-06 3.983e-20 2.04296e-94 2.2463
 1170.32 0.00468773 6.78389e-07 5.229e-22 7.96707e-104 2.46294
 1200 0.00373555 2.17989e-07 5.57497e-24 1.09754e-113 2.69
