 k qs ql cl
 1 9210.34 921034 1e+08
 1.09776 10110.7 1.01107e+06 1e+08
 1.20507 11099.1 1.10991e+06 1e+08
 1.32288 12184.1 1.21841e+06 1e+08
 1.4522 13375.2 1.33752e+06 1e+08
 1.59416 14682.7 1.46827e+06 1e+08
 1.75 16118.1 1.61181e+06 1e+08
 1.92107 17693.8 1.76938e+06 1e+08
 2.10887 19423.4 1.94234e+06 1e+08
 2.31503 21322.2 2.13222e+06 1e+08
 2.54134 23406.6 2.34066e+06 1e+08
 2.78978 25694.8 2.56948e+06 1e+08
 3.0625 28206.7 2.82067e+06 1e+08
 3.36188 30964.1 3.09641e+06 1e+08
 3.69053 33991 3.3991e+06 1e+08
 4.0513 37313.9 3.73139e+06 1e+08
 4.44735 40961.6 4.09616e+06 1e+08
 4.88211 44965.9 4.49659e+06 1e+08
 5.35937 49361.6 4.93616e+06 1e+08
 5.88329 54187.1 5.41871e+06 1e+08
 6.45842 59484.3 5.94843e+06 1e+08
 7.08978 65299.3 6.52993e+06 1e+08
 7.78286 71682.8 7.16828e+06 1e+08
 8.54369 78690.3 7.86903e+06 1e+08
 9.3789 86382.9 8.63829e+06 1e+08
 10.2958 94827.4 9.48274e+06 1e+08
 11.3022 104097 1.04097e+07 1e+08
 12.4071 114274 1.14274e+07 1e+08
 13.62 125445 1.25445e+07 1e+08
 14.9515 137708 1.37708e+07 1e+08
 16.4131 151170 1.5117e+07 1e+08
 18.0176 165948 1.65948e+07 1e+08
 19.7789 182171 1.82171e+07 1e+08
 21.7125 199979 1.99979e+07 1e+08
 23.835 219528 2.19528e+07 1e+08
 26.165 240989 2.40989e+07 1e+08
 28.7229 264547 2.64547e+07 1e+08
 31.5307 290409 2.90409e+07 1e+08
 34.6131 318798 3.18798e+07 1e+08
 37.9968 349963 3.49963e+07 1e+08
 41.7112 384175 3.84175e+07 1e+08
 45.7888 421731 4.21731e+07 1e+08
 50.265 462958 4.62958e+07 1e+08
 55.1788 508215 5.08215e+07 1e+08
 60.5729 557897 5.57897e+07 1e+08
 66.4944 612436 6.12436e+07 1e+08
 72.9947 672306 6.72306e+07 1e+08
 80.1304 738029 7.38029e+07 1e+08
 87.9638 810176 8.10176e+07 1e+08
 96.5629 889377 8.89377e+07 1e+08
 106.003 976320 9.7632e+07 1e+08
 116.365 1.07176e+06 1.07176e+08 1e+08
 127.741 1.17653e+06 1.17653e+08 1e+08
 140.228 1.29155e+06 1.29155e+08 1e+08
 153.937 1.41781e+06 1.41781e+08 1e+08
 168.985 1.55641e+06 1.55641e+08 1e+08
 185.504 1.70856e+06 1.70856e+08 1e+08
 203.639 1.87558e+06 1.87558e+08 1e+08
 223.546 2.05894e+06 2.05894e+08 1e+08
 245.399 2.26021e+06 2.26021e+08 1e+08
 269.389 2.48116e+06 2.48116e+08 1e+08
 295.724 2.72372e+06 2.72372e+08 1e+08
 324.633 2.98998e+06 2.98998e+08 1e+08
 356.368 3.28227e+06 3.28227e+08 1e+08
 391.206 3.60314e+06 3.60314e+08 1e+08
 429.449 3.95537e+06 3.95537e+08 1e+08
 471.431 4.34204e+06 4.34204e+08 1e+08
 517.516 4.7665e+06 4.7665e+08 1e+08
 568.107 5.23246e+06 5.23246e+08 1e+08
 623.644 5.74397e+06 5.74397e+08 1e+08
 684.61 6.30549e+06 6.30549e+08 1e+08
 751.535 6.9219e+06 6.9219e+08 1e+08
 825.003 7.59856e+06 7.59856e+08 1e+08
 905.653 8.34138e+06 8.34138e+08 1e+08
 994.188 9.15681e+06 9.15681e+08 1e+08
 1091.38 1.0052e+07 1.0052e+09 1e+08
 1198.07 1.10346e+07 1.10346e+09 1e+08
 1315.19 1.21133e+07 1.21133e+09 1e+08
 1443.76 1.32975e+07 1.32975e+09 1e+08
 1584.89 1.45974e+07 1.45974e+09 1e+08
