 P d5 d20 d50 d200
 1 1 1 1 1
 1.1911 0.982664 0.995638 0.998253 0.999563
 1.41873 0.965629 0.991294 0.996509 0.999126
 1.68985 0.948889 0.98697 0.994767 0.998689
 2.01279 0.932439 0.982664 0.993029 0.998253
 2.39743 0.916274 0.978377 0.991294 0.997816
 2.85559 0.900389 0.974109 0.989562 0.99738
 3.4013 0.88478 0.96986 0.987833 0.996944
 4.0513 0.869442 0.965629 0.986107 0.996509
 4.82552 0.854369 0.961416 0.984384 0.996073
 5.74769 0.839558 0.957222 0.982664 0.995638
 6.8461 0.825003 0.953046 0.980947 0.995202
 8.15441 0.810701 0.948889 0.979233 0.994767
 9.71274 0.796647 0.944749 0.977522 0.994333
 11.5689 0.782836 0.940628 0.975814 0.993898
 13.7797 0.769265 0.936524 0.974109 0.993463
 16.4131 0.755929 0.932439 0.972407 0.993029
 19.5497 0.742824 0.928371 0.970708 0.992595
 23.2857 0.729947 0.924321 0.969012 0.992161
 27.7356 0.717292 0.920289 0.967319 0.991728
 33.036 0.704857 0.916274 0.965629 0.991294
 39.3493 0.692638 0.912277 0.963941 0.990861
 46.869 0.68063 0.908297 0.962257 0.990428
 55.8259 0.668831 0.904335 0.960576 0.989995
 66.4944 0.657236 0.900389 0.958897 0.989562
 79.2016 0.645842 0.896462 0.957222 0.98913
 94.3373 0.634646 0.892551 0.955549 0.988697
 112.365 0.623644 0.888657 0.95388 0.988265
 133.839 0.612832 0.88478 0.952213 0.987833
 159.416 0.602208 0.88092 0.950549 0.987401
 189.881 0.591769 0.877078 0.948889 0.98697
 226.168 0.58151 0.873251 0.947231 0.986538
 269.389 0.571429 0.869442 0.945575 0.986107
 320.87 0.561522 0.865649 0.943923 0.985676
 382.189 0.551788 0.861873 0.942274 0.985245
 455.227 0.542222 0.858113 0.940628 0.984814
 542.222 0.532822 0.854369 0.938984 0.984384
 645.842 0.523585 0.850642 0.937343 0.983954
 769.265 0.514508 0.846931 0.935706 0.983524
 916.274 0.505589 0.843236 0.934071 0.983094
 1091.38 0.496824 0.839558 0.932439 0.982664
 1299.94 0.488211 0.835895 0.930809 0.982235
 1548.37 0.479747 0.832249 0.929183 0.981805
 1844.26 0.471431 0.828618 0.927559 0.981376
 2196.71 0.463258 0.825003 0.925939 0.980947
 2616.5 0.455227 0.821404 0.924321 0.980518
 3116.53 0.447335 0.817821 0.922706 0.98009
 3712.11 0.43958 0.814253 0.921094 0.979661
 4421.5 0.43196 0.810701 0.919484 0.979233
 5266.46 0.424471 0.807164 0.917878 0.978805
 6272.9 0.417112 0.803643 0.916274 0.978377
 7471.67 0.409881 0.800137 0.914673 0.97795
 8899.53 0.402776 0.796647 0.913075 0.977522
 10600.3 0.395793 0.793171 0.911479 0.977095
 12626 0.388932 0.789711 0.909887 0.976668
 15038.9 0.382189 0.786266 0.908297 0.976241
 17912.8 0.375564 0.782836 0.90671 0.975814
 21336 0.369053 0.779421 0.905126 0.975388
 25413.4 0.362655 0.776021 0.903544 0.974961
 30270 0.356368 0.772636 0.901965 0.974535
 36054.7 0.35019 0.769265 0.900389 0.974109
 42944.9 0.344119 0.765909 0.898816 0.973683
 51151.8 0.338154 0.762568 0.897246 0.973258
 60927 0.332291 0.759241 0.895678 0.972832
 72570.4 0.326531 0.755929 0.894113 0.972407
 86438.8 0.32087 0.752631 0.892551 0.971982
 102958 0.315307 0.749348 0.890991 0.971557
 122633 0.309841 0.746079 0.889434 0.971132
 146069 0.30447 0.742824 0.88788 0.970708
 173983 0.299192 0.739584 0.886329 0.970284
 207231 0.294005 0.736357 0.88478 0.96986
 246834 0.288908 0.733145 0.883234 0.969436
 294005 0.283899 0.729947 0.881691 0.969012
 350190 0.278978 0.726762 0.880151 0.968588
 417112 0.274141 0.723592 0.878613 0.968165
 496824 0.269389 0.720435 0.877078 0.967742
 591769 0.264719 0.717292 0.875545 0.967319
 704857 0.26013 0.714163 0.874015 0.966896
 839558 0.25562 0.711048 0.872488 0.966473
 1e+06 0.251189 0.707946 0.870964 0.966051
