 c f
 280 0
 286.174 0.116695
 292.349 0.230899
 298.523 0.342716
 304.698 0.452243
 310.872 0.559574
 317.047 0.664793
 323.221 0.767983
 329.396 0.86922
 335.57 0.968577
 341.745 1.06612
 347.919 1.16192
 354.094 1.25603
 360.268 1.34852
 366.443 1.43943
 372.617 1.52883
 378.792 1.61676
 384.966 1.70326
 391.141 1.78839
 397.315 1.87218
 403.49 1.95469
 409.664 2.03594
 415.839 2.11597
 422.013 2.19482
 428.188 2.27253
 434.362 2.34913
 440.537 2.42464
 446.711 2.49911
 452.886 2.57255
 459.06 2.645
 465.235 2.71648
 471.409 2.78701
 477.584 2.85663
 483.758 2.92536
 489.933 2.99321
 496.107 3.06021
 502.282 3.12639
 508.456 3.19176
 514.631 3.25633
 520.805 3.32014
 526.98 3.38319
 533.154 3.44551
 539.329 3.50712
 545.503 3.56802
 551.678 3.62823
 557.852 3.68778
 564.027 3.74667
 570.201 3.80492
 576.376 3.86254
 582.55 3.91955
 588.725 3.97596
 594.899 4.03177
 601.074 4.08702
 607.248 4.14169
 613.423 4.19582
 619.597 4.2494
 625.772 4.30245
 631.946 4.35498
 638.121 4.407
 644.295 4.45852
 650.47 4.50954
 656.644 4.56009
 662.819 4.61016
 668.993 4.65977
 675.168 4.70892
 681.342 4.75762
 687.517 4.80589
 693.691 4.85372
 699.866 4.90113
 706.04 4.94812
 712.215 4.99471
 718.389 5.04089
 724.564 5.08667
 730.738 5.13207
 736.913 5.17709
 743.087 5.22173
 749.262 5.266
 755.436 5.30991
 761.611 5.35346
 767.785 5.39665
 773.96 5.43951
 780.134 5.48202
 786.309 5.5242
 792.483 5.56604
 798.658 5.60756
 804.832 5.64877
 811.007 5.68965
 817.181 5.73023
 823.356 5.7705
 829.53 5.81047
 835.705 5.85015
 841.879 5.88953
 848.054 5.92863
 854.228 5.96744
 860.403 6.00597
 866.577 6.04422
 872.752 6.08221
 878.926 6.11993
 885.101 6.15738
 891.275 6.19457
 897.45 6.23151
 903.624 6.26819
 909.799 6.30462
 915.973 6.34081
 922.148 6.37675
 928.322 6.41245
 934.497 6.44792
 940.671 6.48315
 946.846 6.51815
 953.02 6.55293
 959.195 6.58748
 965.369 6.62181
 971.544 6.65592
 977.718 6.68981
 983.893 6.72349
 990.067 6.75696
 996.242 6.79022
 1002.42 6.82328
 1008.59 6.85613
 1014.77 6.88878
 1020.94 6.92124
 1027.11 6.9535
 1033.29 6.98556
 1039.46 7.01743
 1045.64 7.04912
 1051.81 7.08062
 1057.99 7.11193
 1064.16 7.14307
 1070.34 7.17402
 1076.51 7.20479
 1082.68 7.23539
 1088.86 7.26581
 1095.03 7.29607
 1101.21 7.32615
 1107.38 7.35606
 1113.56 7.38581
 1119.73 7.41539
 1125.91 7.44481
 1132.08 7.47407
 1138.26 7.50317
 1144.43 7.53211
 1150.6 7.5609
 1156.78 7.58954
 1162.95 7.61802
 1169.13 7.64635
 1175.3 7.67453
 1181.48 7.70256
 1187.65 7.73045
 1193.83 7.75819
 1200 7.78579
