 n haar l2 l4 l6 l8
 2 0.25 0.0123457 0.000152416 1.88168e-06 2.32306e-08
 3 0.125 0.0123457 0.000152416 1.88168e-06 2.32306e-08
 4 0.0625 0.0123457 0.000152416 1.88168e-06 2.32306e-08
 5 0.03125 0.0123457 0.000152416 1.88168e-06 2.32306e-08
 6 0.015625 0.0123457 0.000152416 1.88168e-06 2.32306e-08
 7 0.0078125 0.0123457 0.000152416 1.88168e-06 2.32306e-08
 8 0.00390625 0.0123457 0.000152416 1.88168e-06 2.32306e-08
 9 0.00195312 0.0123457 0.000152416 1.88168e-06 2.32306e-08
 10 0.000976562 0.0123457 0.000152416 1.88168e-06 2.32306e-08
 11 0.000488281 0.0123457 0.000152416 1.88168e-06 2.32306e-08
 12 0.000244141 0.0123457 0.000152416 1.88168e-06 2.32306e-08
 13 0.00012207 0.0123457 0.000152416 1.88168e-06 2.32306e-08
 14 6.10352e-05 0.0123457 0.000152416 1.88168e-06 2.32306e-08
 15 3.05176e-05 0.0123457 0.000152416 1.88168e-06 2.32306e-08
 16 1.52588e-05 0.0123457 0.000152416 1.88168e-06 2.32306e-08
 17 7.62939e-06 0.0123457 0.000152416 1.88168e-06 2.32306e-08
 18 3.8147e-06 0.0123457 0.000152416 1.88168e-06 2.32306e-08
 19 1.90735e-06 0.0123457 0.000152416 1.88168e-06 2.32306e-08
 20 9.53674e-07 0.0123457 0.000152416 1.88168e-06 2.32306e-08
 21 4.76837e-07 0.0123457 0.000152416 1.88168e-06 2.32306e-08
 22 2.38419e-07 0.0123457 0.000152416 1.88168e-06 2.32306e-08
 23 1.19209e-07 0.0123457 0.000152416 1.88168e-06 2.32306e-08
 24 5.96046e-08 0.0123457 0.000152416 1.88168e-06 2.32306e-08
 25 2.98023e-08 0.0123457 0.000152416 1.88168e-06 2.32306e-08
 26 1.49012e-08 0.0123457 0.000152416 1.88168e-06 2.32306e-08
 27 7.45058e-09 0.0123457 0.000152416 1.88168e-06 2.32306e-08
 28 3.72529e-09 0.0123457 0.000152416 1.88168e-06 2.32306e-08
 29 1.86265e-09 0.0123457 0.000152416 1.88168e-06 2.32306e-08
 30 9.31323e-10 0.0123457 0.000152416 1.88168e-06 2.32306e-08
 31 4.65661e-10 0.0123457 0.000152416 1.88168e-06 2.32306e-08
 32 2.32831e-10 0.0123457 0.000152416 1.88168e-06 2.32306e-08
 33 1.16415e-10 0.0123457 0.000152416 1.88168e-06 2.32306e-08
 34 5.82077e-11 0.0123457 0.000152416 1.88168e-06 2.32306e-08
 35 2.91038e-11 0.0123457 0.000152416 1.88168e-06 2.32306e-08
 36 1.45519e-11 0.0123457 0.000152416 1.88168e-06 2.32306e-08
 37 7.27596e-12 0.0123457 0.000152416 1.88168e-06 2.32306e-08
 38 3.63798e-12 0.0123457 0.000152416 1.88168e-06 2.32306e-08
 39 1.81899e-12 0.0123457 0.000152416 1.88168e-06 2.32306e-08
 40 9.09495e-13 0.0123457 0.000152416 1.88168e-06 2.32306e-08
