 F v un
 0.9 0.237812 0.1
 0.901266 0.23183 0.0987342
 0.902532 0.225923 0.0974684
 0.903797 0.220093 0.0962025
 0.905063 0.21434 0.0949367
 0.906329 0.208662 0.0936709
 0.907595 0.203061 0.0924051
 0.908861 0.197535 0.0911392
 0.910127 0.192086 0.0898734
 0.911392 0.186714 0.0886076
 0.912658 0.181417 0.0873418
 0.913924 0.176197 0.0860759
 0.91519 0.171052 0.0848101
 0.916456 0.165985 0.0835443
 0.917722 0.160993 0.0822785
 0.918987 0.156077 0.0810127
 0.920253 0.151238 0.0797468
 0.921519 0.146475 0.078481
 0.922785 0.141788 0.0772152
 0.924051 0.137177 0.0759494
 0.925316 0.132643 0.0746835
 0.926582 0.128185 0.0734177
 0.927848 0.123803 0.0721519
 0.929114 0.119497 0.0708861
 0.93038 0.115267 0.0696203
 0.931646 0.111114 0.0683544
 0.932911 0.107036 0.0670886
 0.934177 0.103035 0.0658228
 0.935443 0.0991106 0.064557
 0.936709 0.095262 0.0632911
 0.937975 0.0914897 0.0620253
 0.939241 0.0877935 0.0607595
 0.940506 0.0841735 0.0594937
 0.941772 0.0806298 0.0582278
 0.943038 0.0771622 0.056962
 0.944304 0.0737709 0.0556962
 0.94557 0.0704558 0.0544304
 0.946835 0.0672169 0.0531646
 0.948101 0.0640542 0.0518987
 0.949367 0.0609677 0.0506329
 0.950633 0.0579574 0.0493671
 0.951899 0.0550233 0.0481013
 0.953165 0.0521655 0.0468354
 0.95443 0.0493838 0.0455696
 0.955696 0.0466784 0.0443038
 0.956962 0.0440492 0.043038
 0.958228 0.0414961 0.0417722
 0.959494 0.0390193 0.0405063
 0.960759 0.0366187 0.0392405
 0.962025 0.0342943 0.0379747
 0.963291 0.0320461 0.0367089
 0.964557 0.0298742 0.035443
 0.965823 0.0277784 0.0341772
 0.967089 0.0257589 0.0329114
 0.968354 0.0238155 0.0316456
 0.96962 0.0219484 0.0303797
 0.970886 0.0201574 0.0291139
 0.972152 0.0184427 0.0278481
 0.973418 0.0168042 0.0265823
 0.974684 0.0152419 0.0253165
 0.975949 0.0137558 0.0240506
 0.977215 0.012346 0.0227848
 0.978481 0.0110123 0.021519
 0.979747 0.00975483 0.0202532
 0.981013 0.00857358 0.0189873
 0.982278 0.00746854 0.0177215
 0.983544 0.00643971 0.0164557
 0.98481 0.00548709 0.0151899
 0.986076 0.00461068 0.0139241
 0.987342 0.00381048 0.0126582
 0.988608 0.00308649 0.0113924
 0.989873 0.00243871 0.0101266
 0.991139 0.00186714 0.00886076
 0.992405 0.00137177 0.00759494
 0.993671 0.00095262 0.00632911
 0.994937 0.000609677 0.00506329
 0.996203 0.000342943 0.00379747
 0.997468 0.000152419 0.00253165
 0.998734 3.81048e-05 0.00126582
 1 0 0
