 s gap bound gmin
 0.1 0.00223729 0.0005 0.001
 0.12784 0.00285998 0.0006392 0.0012784
 0.163431 0.00365584 0.000817153 0.00163431
 0.20893 0.00467295 0.00104465 0.0020893
 0.267096 0.0059726 0.00133548 0.00267096
 0.341455 0.007633 0.00170727 0.00341455
 0.436516 0.00975371 0.00218258 0.00436516
 0.558042 0.0124612 0.00279021 0.00558042
 0.7134 0.0159157 0.003567 0.007134
 0.912011 0.0203181 0.00456005 0.00912011
 1.16591 0.025919 0.00582957 0.0116591
 1.4905 0.0330262 0.00745252 0.014905
 1.90546 0.0420128 0.0095273 0.0190546
 2.43594 0.0458139 0.0121797 0.0243594
 3.11411 0.0488603 0.0155705 0.0311411
 3.98107 0.055006 0.0199054 0.0398107
