 k raw lin quad
 0.001 0.0009995 1.498e-06 2.49438e-09
 0.00110249 0.00110188 1.82053e-06 3.34181e-09
 0.00121547 0.00121474 2.21248e-06 4.47703e-09
 0.00134004 0.00133915 2.68876e-06 5.99773e-09
 0.00147738 0.00147629 3.26753e-06 8.03473e-09
 0.00162879 0.00162746 3.97079e-06 1.07632e-08
 0.00179571 0.0017941 4.82532e-06 1.44178e-08
 0.00197975 0.00197779 5.86362e-06 1.93124e-08
 0.00218264 0.00218026 7.12515e-06 2.58677e-08
 0.00240633 0.00240344 8.65785e-06 3.46463e-08
 0.00265295 0.00264943 1.05199e-05 4.64018e-08
 0.00292484 0.00292056 1.27821e-05 6.21425e-08
 0.00322459 0.0032194 1.55301e-05 8.32175e-08
 0.00355506 0.00354875 1.88681e-05 1.11432e-07
 0.00391941 0.00391174 2.29226e-05 1.49202e-07
 0.00432109 0.00431177 2.78469e-05 1.99756e-07
 0.00476394 0.00475261 3.38273e-05 2.67416e-07
 0.00525217 0.0052384 4.10894e-05 3.57956e-07
 0.00579044 0.00577371 4.99074e-05 4.79096e-07
 0.00638388 0.00636355 6.06132e-05 6.41154e-07
 0.00703814 0.00701343 7.36097e-05 8.57913e-07
 0.00775944 0.00772942 8.93849e-05 1.14778e-06
 0.00855467 0.00851819 0.00010853 1.53533e-06
 0.0094314 0.00938707 0.000131762 2.05337e-06
 0.010398 0.0103441 0.000159948 2.74564e-06
 0.0114636 0.0113982 0.000194137 3.6705e-06
 0.0126385 0.012559 0.0002356 4.90569e-06
 0.0139337 0.0138371 0.000285874 6.55479e-06
 0.0153617 0.0152444 0.000346814 8.75566e-06
 0.0169361 0.0167935 0.000420664 1.16917e-05
 0.0186718 0.0184986 0.000510131 1.56067e-05
 0.0205854 0.020375 0.00061848 2.08243e-05
 0.0226951 0.0224395 0.000749648 2.77742e-05
 0.025021 0.0247106 0.000908376 3.70259e-05
 0.0275853 0.0272083 0.00110037 4.93333e-05
 0.0304124 0.0299546 0.00133248 6.56935e-05
 0.0335292 0.0329734 0.00161294 8.74233e-05
 0.0369655 0.0362906 0.00195162 0.000116259
 0.0407539 0.0399347 0.00236032 0.000154487
 0.0449306 0.0439362 0.00285318 0.000205109
 0.0495354 0.0483285 0.00344702 0.000272065
 0.054612 0.0531476 0.00416193 0.000360509
 0.0602089 0.0584322 0.00502173 0.000477164
 0.0663795 0.0642243 0.00605469 0.000630784
 0.0731824 0.0705687 0.00729421 0.000832728
 0.0806826 0.0775135 0.00877965 0.00109768
 0.0889513 0.0851099 0.0105573 0.00144457
 0.0980676 0.0934124 0.0126813 0.00189766
 0.108118 0.102478 0.0152146 0.00248797
 0.119199 0.112369 0.0182306 0.00325488
 0.131415 0.123146 0.0218136 0.00424817
 0.144883 0.134876 0.0260606 0.00553029
 0.159731 0.147627 0.031082 0.00717911
 0.176101 0.161467 0.0370025 0.00929092
 0.194149 0.176465 0.0439623 0.0119837
 0.214047 0.192689 0.0521165 0.0154008
 0.235983 0.210206 0.0616358 0.0197138
 0.260168 0.229078 0.0727045 0.0251264
 0.286832 0.249362 0.0855192 0.031876
 0.316228 0.271107 0.100285 0.0402353
