 eps q c
 0.0001 10000 1e+08
 0.000112421 8895.13 7.91234e+07
 0.000126385 7912.34 6.26052e+07
 0.000142083 7038.14 4.95354e+07
 0.000159731 6260.52 3.91941e+07
 0.000179571 5568.81 3.10117e+07
 0.000201876 4953.54 2.45375e+07
 0.000226951 4406.24 1.94149e+07
 0.000255141 3919.41 1.53617e+07
 0.000286832 3486.37 1.21547e+07
 0.000322459 3101.17 9.61725e+06
 0.000362512 2758.53 7.6095e+06
 0.000407539 2453.75 6.02089e+06
 0.00045816 2182.64 4.76394e+06
 0.000515068 1941.49 3.76939e+06
 0.000579044 1726.98 2.98247e+06
 0.000650968 1536.17 2.35983e+06
 0.000731824 1366.45 1.86718e+06
 0.000822724 1215.47 1.47738e+06
 0.000924915 1081.18 1.16895e+06
 0.0010398 961.725 924915
 0.00116895 855.467 731824
 0.00131415 760.95 579044
 0.00147738 676.875 458160
 0.00166088 602.089 362512
 0.00186718 535.567 286832
 0.0020991 476.394 226951
 0.00235983 423.759 179571
 0.00265295 376.939 142083
 0.00298247 335.292 112421
 0.00335292 298.247 88951.3
 0.00376939 265.295 70381.4
 0.00423759 235.983 55688.1
 0.00476394 209.91 44062.4
 0.00535567 186.718 34863.7
 0.00602089 166.088 27585.3
 0.00676875 147.738 21826.4
 0.0076095 131.415 17269.8
 0.00855467 116.895 13664.5
 0.00961725 103.98 10811.8
 0.0108118 92.4915 8554.67
 0.0121547 82.2724 6768.75
 0.0136645 73.1824 5355.67
 0.0153617 65.0968 4237.59
 0.0172698 57.9044 3352.92
 0.0194149 51.5068 2652.95
 0.0218264 45.816 2099.1
 0.0245375 40.7539 1660.88
 0.0275853 36.2512 1314.15
 0.0310117 32.2459 1039.8
 0.0348637 28.6832 822.724
 0.0391941 25.5141 650.968
 0.0440624 22.6951 515.068
 0.0495354 20.1876 407.539
 0.0556881 17.9571 322.459
 0.0626052 15.9731 255.141
 0.0703814 14.2083 201.876
 0.0791234 12.6385 159.731
 0.0889513 11.2421 126.385
 0.1 10 100
