 x g k2 k4 k8
 50 0.23066 0.258242 0.243839 0.233777
 51.586 0.237241 0.263747 0.248831 0.239327
 53.172 0.243781 0.269243 0.253864 0.244991
 54.7579 0.250281 0.274729 0.258935 0.250757
 56.3439 0.256742 0.280204 0.264043 0.256612
 57.9299 0.263162 0.285669 0.269186 0.262546
 59.5159 0.269544 0.291122 0.274363 0.268547
 61.1018 0.275887 0.296565 0.279572 0.274604
 62.6878 0.282192 0.301995 0.284813 0.280709
 64.2738 0.288459 0.307414 0.290083 0.286851
 65.8598 0.294688 0.312821 0.295381 0.293022
 67.4457 0.300879 0.318215 0.300706 0.299214
 69.0317 0.307034 0.323597 0.306056 0.305419
 70.6177 0.313152 0.328965 0.31143 0.311629
 72.2037 0.319233 0.33432 0.316826 0.317838
 73.7896 0.325279 0.339661 0.322243 0.324041
 75.3756 0.331289 0.344989 0.327679 0.33023
 76.9616 0.337263 0.350302 0.333134 0.3364
 78.5476 0.343202 0.355601 0.338606 0.342548
 80.1336 0.349107 0.360885 0.344093 0.348668
 81.7195 0.354977 0.366154 0.349594 0.354756
 83.3055 0.360813 0.371408 0.355107 0.360809
 84.8915 0.366615 0.376646 0.360632 0.366824
 86.4775 0.372383 0.381869 0.366168 0.372798
 88.0634 0.378118 0.387075 0.371711 0.378729
 89.6494 0.38382 0.392265 0.377262 0.384614
 91.2354 0.38949 0.397439 0.38282 0.390452
 92.8214 0.395127 0.402596 0.388382 0.396241
 94.4073 0.400732 0.407735 0.393947 0.40198
 95.9933 0.406304 0.412857 0.399515 0.407669
 97.5793 0.411846 0.417962 0.405084 0.413306
 99.1653 0.417356 0.423049 0.410653 0.418893
 100.751 0.422835 0.428118 0.416221 0.424427
 102.337 0.428283 0.433168 0.421786 0.429911
 103.923 0.4337 0.4382 0.427347 0.435344
 105.509 0.439087 0.443213 0.432903 0.440726
 107.095 0.444444 0.448207 0.438453 0.446059
 108.681 0.449772 0.453182 0.443995 0.451344
 110.267 0.45507 0.458138 0.44953 0.456581
 111.853 0.460338 0.463073 0.455055 0.461772
 113.439 0.465577 0.467989 0.460569 0.466917
 115.025 0.470788 0.472885 0.466072 0.472019
 116.611 0.47597 0.47776 0.471561 0.47708
 118.197 0.481124 0.482615 0.477038 0.482099
 119.783 0.486249 0.487449 0.482499 0.48708
 121.369 0.491347 0.492262 0.487944 0.492024
 122.955 0.496417 0.497053 0.493373 0.496932
 124.541 0.501459 0.501824 0.498784 0.501806
 126.127 0.506475 0.506572 0.504176 0.506649
 127.713 0.511463 0.511299 0.509548 0.511461
 129.299 0.516424 0.516004 0.514899 0.516246
 130.885 0.521359 0.520687 0.520229 0.521003
 132.471 0.526268 0.525348 0.525537 0.525736
 134.057 0.531151 0.529985 0.530821 0.530445
 135.643 0.536007 0.5346 0.536081 0.535133
 137.229 0.540838 0.539193 0.541316 0.539801
 138.815 0.545643 0.543762 0.546525 0.54445
 140.401 0.550423 0.548308 0.551707 0.549083
 141.987 0.555178 0.55283 0.556862 0.553699
 143.573 0.559908 0.557329 0.561988 0.558302
 145.159 0.564613 0.561804 0.567086 0.562891
 146.745 0.569294 0.566254 0.572154 0.567469
 148.331 0.57395 0.570681 0.577191 0.572036
 149.917 0.578582 0.575084 0.582197 0.576592
 151.503 0.58319 0.579462 0.587171 0.58114
 153.088 0.587775 0.583816 0.592113 0.58568
 154.674 0.592336 0.588145 0.597022 0.590212
 156.26 0.596873 0.592449 0.601896 0.594736
 157.846 0.601387 0.596728 0.606737 0.599255
 159.432 0.605878 0.600982 0.611542 0.603767
 161.018 0.610346 0.60521 0.616312 0.608273
 162.604 0.614792 0.609413 0.621046 0.612773
 164.19 0.619215 0.613591 0.625743 0.617267
 165.776 0.623616 0.617743 0.630403 0.621755
 167.362 0.627994 0.621869 0.635025 0.626237
 168.948 0.63235 0.625969 0.639609 0.630713
 170.534 0.636685 0.630043 0.644154 0.635182
 172.12 0.640998 0.634091 0.648661 0.639644
 173.706 0.645289 0.638113 0.653128 0.644098
 175.292 0.649559 0.642108 0.657555 0.648543
 176.878 0.653808 0.646077 0.661941 0.652979
 178.464 0.658035 0.650019 0.666288 0.657405
 180.05 0.662242 0.653935 0.670593 0.661821
 181.636 0.666428 0.657823 0.674857 0.666224
 183.222 0.670593 0.661685 0.679079 0.670614
 184.808 0.674738 0.66552 0.683259 0.674989
 186.394 0.678863 0.669328 0.687397 0.67935
 187.98 0.682967 0.673108 0.691492 0.683694
 189.566 0.687052 0.676862 0.695545 0.688019
 191.152 0.691117 0.680588 0.699555 0.692326
 192.738 0.695162 0.684286 0.703521 0.696611
 194.324 0.699187 0.687958 0.707445 0.700875
 195.91 0.703193 0.691601 0.711324 0.705114
 197.496 0.70718 0.695217 0.71516 0.709329
 199.082 0.711147 0.698806 0.718952 0.713516
 200.668 0.715096 0.702366 0.7227 0.717675
 202.254 0.719026 0.705899 0.726404 0.721805
 203.84 0.722937 0.709404 0.730063 0.725903
 205.426 0.726829 0.712881 0.733679 0.729967
 207.012 0.730703 0.71633 0.737249 0.733997
 208.598 0.734558 0.719751 0.740776 0.737991
 210.184 0.738396 0.723144 0.744258 0.741947
 211.77 0.742215 0.726509 0.747695 0.745863
 213.356 0.746016 0.729846 0.751088 0.749739
 214.942 0.7498 0.733154 0.754437 0.753572
 216.528 0.753566 0.736435 0.75774 0.757361
 218.114 0.757314 0.739687 0.761 0.761104
 219.699 0.761045 0.742911 0.764215 0.764801
 221.285 0.764758 0.746106 0.767386 0.76845
 222.871 0.768454 0.749274 0.770512 0.772049
 224.457 0.772133 0.752413 0.773595 0.775597
 226.043 0.775796 0.755524 0.776633 0.779093
 227.629 0.779441 0.758606 0.779628 0.782535
 229.215 0.783069 0.76166 0.782578 0.785924
 230.801 0.786681 0.764686 0.785485 0.789257
 232.387 0.790277 0.767683 0.788349 0.792533
 233.973 0.793856 0.770652 0.791169 0.795752
 235.559 0.797419 0.773593 0.793946 0.798913
 237.145 0.800965 0.776505 0.79668 0.802015
 238.731 0.804496 0.779389 0.799371 0.805057
 240.317 0.80801 0.782245 0.80202 0.808038
 241.903 0.811509 0.785072 0.804626 0.810959
 243.489 0.814992 0.787871 0.80719 0.813818
 245.075 0.818459 0.790642 0.809713 0.816616
 246.661 0.821911 0.793385 0.812194 0.819351
 248.247 0.825347 0.796099 0.814633 0.822023
 249.833 0.828768 0.798785 0.817032 0.824633
 251.419 0.832174 0.801443 0.81939 0.82718
 253.005 0.835565 0.804073 0.821707 0.829664
 254.591 0.838941 0.806675 0.823984 0.832086
 256.177 0.842302 0.809249 0.826222 0.834444
 257.763 0.845647 0.811794 0.82842 0.836741
 259.349 0.848979 0.814312 0.830579 0.838975
 260.935 0.850972 0.816802 0.832699 0.841147
 262.521 0.85201 0.819264 0.83478 0.843258
 264.107 0.853038 0.821698 0.836824 0.845308
 265.693 0.854056 0.824105 0.838829 0.847298
 267.279 0.855065 0.826483 0.840798 0.849228
 268.865 0.856063 0.828835 0.842729 0.851099
 270.451 0.857053 0.831158 0.844624 0.852912
 272.037 0.858033 0.833454 0.846482 0.854668
 273.623 0.859004 0.835723 0.848305 0.856366
 275.209 0.859966 0.837964 0.850092 0.85801
 276.795 0.860919 0.840178 0.851844 0.859599
 278.381 0.861863 0.842365 0.853562 0.861134
 279.967 0.862799 0.844524 0.855245 0.862617
 281.553 0.863726 0.846657 0.856895 0.864049
 283.139 0.864645 0.848762 0.858511 0.86543
 284.725 0.865555 0.850841 0.860095 0.866763
 286.311 0.866457 0.852893 0.861646 0.868048
 287.896 0.867351 0.854918 0.863165 0.869287
 289.482 0.868237 0.856917 0.864652 0.870481
 291.068 0.869116 0.858889 0.866108 0.871632
 292.654 0.869986 0.860835 0.867534 0.872741
 294.24 0.870849 0.862754 0.868929 0.873808
 295.826 0.871704 0.864647 0.870294 0.874837
 297.412 0.872552 0.866514 0.871631 0.875827
 298.998 0.873392 0.868355 0.872938 0.876782
 300.584 0.874225 0.870171 0.874217 0.877701
 302.17 0.875051 0.87196 0.875468 0.878587
 303.756 0.87587 0.873724 0.876691 0.879441
 305.342 0.876682 0.875462 0.877888 0.880264
 306.928 0.877487 0.877175 0.879058 0.881059
 308.514 0.878285 0.878862 0.880202 0.881826
 310.1 0.879076 0.880525 0.881321 0.882567
 311.686 0.879861 0.882162 0.882414 0.883283
 313.272 0.880639 0.883774 0.883482 0.883976
 314.858 0.881411 0.885362 0.884527 0.884647
 316.444 0.882176 0.886925 0.885548 0.885298
 318.03 0.882935 0.888463 0.886545 0.885931
 319.616 0.883688 0.889977 0.88752 0.886545
 321.202 0.884434 0.891467 0.888473 0.887143
 322.788 0.885175 0.892933 0.889403 0.887727
 324.374 0.885909 0.894374 0.890312 0.888296
 325.96 0.886638 0.895792 0.891201 0.888853
 327.546 0.88736 0.897186 0.892069 0.889399
 329.132 0.888077 0.898557 0.892917 0.889935
 330.718 0.888788 0.899904 0.893745 0.890461
 332.304 0.889494 0.901228 0.894555 0.89098
 333.89 0.890193 0.902529 0.895345 0.891492
 335.476 0.890888 0.903807 0.896118 0.891998
 337.062 0.891576 0.905062 0.896873 0.8925
 338.648 0.89226 0.906294 0.897611 0.892997
 340.234 0.892938 0.907504 0.898331 0.893491
 341.82 0.893611 0.908692 0.899036 0.893983
 343.406 0.894278 0.909858 0.899724 0.894474
 344.992 0.894941 0.911002 0.900397 0.894964
 346.578 0.895598 0.912123 0.901055 0.895454
 348.164 0.896251 0.913224 0.901698 0.895944
 349.75 0.896898 0.914302 0.902327 0.896436
 351.336 0.89754 0.91536 0.902943 0.896929
 352.922 0.898178 0.916396 0.903544 0.897425
 354.508 0.898811 0.917412 0.904133 0.897923
 356.093 0.899439 0.918406 0.904709 0.898425
 357.679 0.900062 0.91938 0.905274 0.89893
 359.265 0.90068 0.920334 0.905826 0.899438
 360.851 0.901294 0.921267 0.906367 0.899951
 362.437 0.901904 0.92218 0.906896 0.900469
 364.023 0.902509 0.923074 0.907415 0.90099
 365.609 0.903109 0.923947 0.907924 0.901517
 367.195 0.903706 0.924802 0.908423 0.902048
 368.781 0.904297 0.925636 0.908913 0.902584
 370.367 0.904885 0.926452 0.909393 0.903125
 371.953 0.905468 0.927249 0.909864 0.90367
 373.539 0.906047 0.928027 0.910327 0.904221
 375.125 0.906622 0.928786 0.910782 0.904776
 376.711 0.907193 0.929527 0.911229 0.905336
 378.297 0.907759 0.93025 0.911669 0.9059
 379.883 0.908322 0.930955 0.912101 0.906469
 381.469 0.908881 0.931642 0.912527 0.907041
 383.055 0.909435 0.932311 0.912946 0.907618
 384.641 0.909986 0.932963 0.913359 0.908198
 386.227 0.910533 0.933598 0.913766 0.908782
 387.813 0.911076 0.934215 0.914167 0.909369
 389.399 0.911616 0.934816 0.914564 0.909958
 390.985 0.912151 0.9354 0.914955 0.91055
 392.571 0.912683 0.935968 0.915341 0.911144
 394.157 0.913211 0.93652 0.915723 0.91174
 395.743 0.913736 0.937055 0.9161 0.912337
 397.329 0.914257 0.937575 0.916474 0.912935
 398.915 0.914774 0.938079 0.916844 0.913534
 400.501 0.915288 0.938568 0.91721 0.914133
 402.087 0.915799 0.939041 0.917573 0.914732
 403.673 0.916306 0.939499 0.917934 0.91533
 405.259 0.916809 0.939943 0.918291 0.915928
 406.845 0.917309 0.940372 0.918646 0.916524
 408.431 0.917806 0.940787 0.918998 0.917118
 410.017 0.9183 0.941187 0.919349 0.91771
 411.603 0.91879 0.941574 0.919697 0.9183
 413.189 0.919277 0.941946 0.920044 0.918886
 414.775 0.919761 0.942305 0.920389 0.919469
 416.361 0.920241 0.942651 0.920732 0.920049
 417.947 0.920719 0.942984 0.921075 0.920624
 419.533 0.921193 0.943303 0.921416 0.921195
 421.119 0.921664 0.94361 0.921757 0.921762
 422.705 0.922133 0.943904 0.922097 0.922323
 424.29 0.922598 0.944186 0.922436 0.922879
 425.876 0.92306 0.944456 0.922775 0.923429
 427.462 0.923519 0.944714 0.923113 0.923973
 429.048 0.923975 0.944961 0.923452 0.924511
 430.634 0.924429 0.945196 0.92379 0.925043
 432.22 0.924879 0.945419 0.924128 0.925568
 433.806 0.925327 0.945632 0.924467 0.926086
 435.392 0.925771 0.945833 0.924806 0.926597
 436.978 0.926213 0.946024 0.925145 0.927101
 438.564 0.926653 0.946205 0.925484 0.927598
 440.15 0.927089 0.946375 0.925825 0.928087
 441.736 0.927523 0.946535 0.926166 0.928568
 443.322 0.927954 0.946686 0.926507 0.929042
 444.908 0.928382 0.946827 0.92685 0.929508
 446.494 0.928808 0.946958 0.927193 0.929966
 448.08 0.929231 0.947081 0.927538 0.930416
 449.666 0.929651 0.947194 0.927883 0.930859
 451.252 0.930069 0.947299 0.928229 0.931293
 452.838 0.930484 0.947395 0.928577 0.93172
 454.424 0.930897 0.947482 0.928926 0.93214
 456.01 0.931307 0.947562 0.929275 0.932551
 457.596 0.931715 0.947633 0.929626 0.932955
 459.182 0.93212 0.947697 0.929979 0.933352
 460.768 0.932523 0.947754 0.930332 0.933741
 462.354 0.932924 0.947803 0.930687 0.934124
 463.94 0.933322 0.947844 0.931043 0.934499
 465.526 0.933717 0.947879 0.931401 0.934867
 467.112 0.934111 0.947907 0.931759 0.935229
 468.698 0.934502 0.947929 0.932119 0.935585
 470.284 0.93489 0.947945 0.932481 0.935934
 471.87 0.935277 0.947954 0.932843 0.936277
 473.456 0.935661 0.947957 0.933207 0.936614
 475.042 0.936043 0.947955 0.933572 0.936946
 476.628 0.936422 0.947947 0.933939 0.937273
 478.214 0.9368 0.947934 0.934307 0.937595
 479.8 0.937175 0.947915 0.934676 0.937912
 481.386 0.937548 0.947892 0.935046 0.938225
 482.972 0.937919 0.947864 0.935417 0.938533
 484.558 0.938288 0.947832 0.935789 0.938838
 486.144 0.938654 0.947795 0.936163 0.939139
 487.73 0.939019 0.947754 0.936537 0.939437
 489.316 0.939381 0.947709 0.936913 0.939732
 490.902 0.939742 0.94766 0.937289 0.940024
 492.487 0.9401 0.947607 0.937667 0.940313
 494.073 0.940456 0.947552 0.938045 0.940601
 495.659 0.940811 0.947493 0.938424 0.940887
 497.245 0.941163 0.947431 0.938804 0.941171
 498.831 0.941513 0.947366 0.939184 0.941454
 500.417 0.941862 0.947299 0.939565 0.941736
 502.003 0.942208 0.947229 0.939947 0.942017
 503.589 0.942552 0.947156 0.940329 0.942298
 505.175 0.942895 0.947082 0.940711 0.942578
 506.761 0.943236 0.947006 0.941094 0.942859
 508.347 0.943574 0.946928 0.941477 0.94314
 509.933 0.943911 0.946848 0.941861 0.943421
 511.519 0.944246 0.946767 0.942244 0.943702
 513.105 0.94458 0.946685 0.942628 0.943985
 514.691 0.944911 0.946602 0.943012 0.944269
 516.277 0.945241 0.946518 0.943395 0.944554
 517.863 0.945569 0.946433 0.943779 0.94484
 519.449 0.945895 0.946347 0.944162 0.945127
 521.035 0.946219 0.946262 0.944545 0.945417
 522.621 0.946541 0.946176 0.944928 0.945708
 524.207 0.946862 0.94609 0.94531 0.946001
 525.793 0.947181 0.946004 0.945692 0.946296
 527.379 0.947499 0.945918 0.946073 0.946592
 528.965 0.947814 0.945833 0.946453 0.946891
 530.551 0.948128 0.945748 0.946833 0.947192
 532.137 0.948441 0.945664 0.947212 0.947495
 533.723 0.948751 0.945581 0.94759 0.947801
 535.309 0.94906 0.945499 0.947967 0.948108
 536.895 0.949368 0.945418 0.948342 0.948418
 538.481 0.949674 0.945339 0.948717 0.948729
 540.067 0.949978 0.945261 0.949091 0.949043
 541.653 0.95028 0.945185 0.949463 0.949359
 543.239 0.950582 0.94511 0.949834 0.949676
 544.825 0.950881 0.945037 0.950203 0.949996
 546.411 0.951179 0.944967 0.950571 0.950317
 547.997 0.951475 0.944898 0.950937 0.95064
 549.583 0.95177 0.944832 0.951302 0.950964
 551.169 0.952064 0.944769 0.951665 0.95129
 552.755 0.952355 0.944708 0.952026 0.951617
 554.341 0.952646 0.94465 0.952385 0.951945
 555.927 0.952935 0.944594 0.952743 0.952274
 557.513 0.953222 0.944542 0.953098 0.952604
 559.098 0.953508 0.944493 0.953451 0.952935
 560.684 0.953792 0.944447 0.953802 0.953266
 562.27 0.954075 0.944404 0.954151 0.953597
 563.856 0.954357 0.944365 0.954498 0.953929
 565.442 0.954637 0.944329 0.954842 0.95426
 567.028 0.954916 0.944297 0.955184 0.954591
 568.614 0.955194 0.944269 0.955524 0.954922
 570.2 0.95547 0.944245 0.955861 0.955252
 571.786 0.955744 0.944225 0.956196 0.955581
 573.372 0.956018 0.944209 0.956528 0.955908
 574.958 0.956289 0.944197 0.956857 0.956235
 576.544 0.95656 0.944189 0.957184 0.95656
 578.13 0.956829 0.944187 0.957508 0.956883
 579.716 0.957097 0.944188 0.957829 0.957204
 581.302 0.957364 0.944194 0.958148 0.957524
 582.888 0.957629 0.944205 0.958463 0.957841
 584.474 0.957893 0.944221 0.958776 0.958155
 586.06 0.958156 0.944242 0.959086 0.958467
 587.646 0.958418 0.944267 0.959393 0.958776
 589.232 0.958678 0.944298 0.959697 0.959082
 590.818 0.958937 0.944334 0.959998 0.959385
 592.404 0.959194 0.944375 0.960296 0.959684
 593.99 0.959451 0.944422 0.960591 0.959981
 595.576 0.959706 0.944474 0.960883 0.960273
 597.162 0.95996 0.944531 0.961172 0.960562
 598.748 0.960213 0.944594 0.961458 0.960847
 600.334 0.960465 0.944663 0.96174 0.961128
 601.92 0.960715 0.944737 0.96202 0.961405
 603.506 0.960964 0.944817 0.962296 0.961678
 605.092 0.961212 0.944902 0.96257 0.961947
 606.678 0.961459 0.944994 0.96284 0.962212
 608.264 0.961705 0.945092 0.963107 0.962472
 609.85 0.961949 0.945195 0.963371 0.962728
 611.436 0.962193 0.945305 0.963632 0.96298
 613.022 0.962435 0.94542 0.963889 0.963228
 614.608 0.962676 0.945542 0.964144 0.963471
 616.194 0.962916 0.94567 0.964396 0.96371
 617.78 0.963155 0.945804 0.964644 0.963944
 619.366 0.963393 0.945944 0.964889 0.964175
 620.952 0.96363 0.946091 0.965131 0.964401
 622.538 0.963865 0.946244 0.965371 0.964623
 624.124 0.9641 0.946403 0.965607 0.964841
 625.71 0.964333 0.946569 0.96584 0.965055
 627.295 0.964566 0.946741 0.96607 0.965265
 628.881 0.964797 0.94692 0.966297 0.965472
 630.467 0.965027 0.947105 0.966522 0.965675
 632.053 0.965256 0.947296 0.966743 0.965874
 633.639 0.965485 0.947494 0.966962 0.96607
 635.225 0.965712 0.947699 0.967177 0.966263
 636.811 0.965938 0.94791 0.96739 0.966452
 638.397 0.966163 0.948127 0.9676 0.966639
 639.983 0.966387 0.948352 0.967808 0.966823
 641.569 0.96661 0.948582 0.968013 0.967004
 643.155 0.966832 0.94882 0.968215 0.967183
 644.741 0.967053 0.949063 0.968414 0.96736
 646.327 0.967273 0.949314 0.968611 0.967535
 647.913 0.967493 0.949571 0.968806 0.967708
 649.499 0.967711 0.949834 0.968998 0.967879
 651.085 0.967928 0.950104 0.969187 0.968049
 652.671 0.968144 0.950381 0.969375 0.968217
 654.257 0.96836 0.950664 0.96956 0.968385
 655.843 0.968574 0.950953 0.969742 0.968552
 657.429 0.968787 0.95125 0.969923 0.968718
 659.015 0.969 0.951552 0.970101 0.968883
 660.601 0.969211 0.951861 0.970278 0.969048
 662.187 0.969422 0.952176 0.970452 0.969214
 663.773 0.969632 0.952498 0.970624 0.969379
 665.359 0.96984 0.952826 0.970795 0.969545
 666.945 0.970048 0.953161 0.970964 0.969711
 668.531 0.970255 0.953501 0.97113 0.969878
 670.117 0.970461 0.953848 0.971296 0.970045
 671.703 0.970667 0.954201 0.971459 0.970214
 673.289 0.970871 0.954561 0.971621 0.970384
 674.875 0.971074 0.954926 0.971781 0.970555
 676.461 0.971277 0.955297 0.97194 0.970727
 678.047 0.971479 0.955675 0.972098 0.970901
 679.633 0.97168 0.956058 0.972254 0.971076
 681.219 0.97188 0.956448 0.972409 0.971254
 682.805 0.972079 0.956843 0.972563 0.971433
 684.391 0.972277 0.957244 0.972715 0.971614
 685.977 0.972475 0.957651 0.972867 0.971797
 687.563 0.972671 0.958063 0.973017 0.971982
 689.149 0.972867 0.958481 0.973167 0.972169
 690.735 0.973062 0.958904 0.973316 0.972358
 692.321 0.973256 0.959333 0.973464 0.97255
 693.907 0.97345 0.959768 0.973611 0.972744
 695.492 0.973642 0.960207 0.973757 0.97294
 697.078 0.973834 0.960652 0.973903 0.973138
 698.664 0.974025 0.961102 0.974049 0.973338
 700.25 0.974215 0.961557 0.974194 0.97354
 701.836 0.974405 0.962017 0.974338 0.973744
 703.422 0.974593 0.962482 0.974482 0.973951
 705.008 0.974781 0.962952 0.974626 0.974159
 706.594 0.974968 0.963426 0.974769 0.974369
 708.18 0.975155 0.963905 0.974913 0.974581
 709.766 0.97534 0.964389 0.975056 0.974794
 711.352 0.975525 0.964877 0.975199 0.975009
 712.938 0.975709 0.965369 0.975342 0.975226
 714.524 0.975892 0.965865 0.975485 0.975444
 716.11 0.976075 0.966366 0.975629 0.975662
 717.696 0.976257 0.96687 0.975772 0.975882
 719.282 0.976438 0.967379 0.975916 0.976103
 720.868 0.976618 0.967891 0.97606 0.976324
 722.454 0.976798 0.968407 0.976204 0.976546
 724.04 0.976977 0.968926 0.976348 0.976768
 725.626 0.977155 0.969449 0.976493 0.97699
 727.212 0.977332 0.969975 0.976639 0.977212
 728.798 0.977509 0.970504 0.976784 0.977434
 730.384 0.977685 0.971037 0.976931 0.977655
 731.97 0.97786 0.971572 0.977078 0.977876
 733.556 0.978035 0.97211 0.977225 0.978096
 735.142 0.978209 0.972651 0.977373 0.978315
 736.728 0.978382 0.973194 0.977522 0.978532
 738.314 0.978555 0.97374 0.977671 0.978749
 739.9 0.978727 0.974288 0.977822 0.978963
 741.486 0.978898 0.974838 0.977973 0.979176
 743.072 0.979069 0.97539 0.978124 0.979387
 744.658 0.979239 0.975943 0.978277 0.979596
 746.244 0.979408 0.976499 0.97843 0.979802
 747.83 0.979576 0.977056 0.978585 0.980006
 749.416 0.979744 0.977615 0.97874 0.980207
 751.002 0.979912 0.978174 0.978896 0.980406
 752.588 0.980078 0.978735 0.979053 0.980601
 754.174 0.980244 0.979297 0.97921 0.980794
 755.76 0.98041 0.979859 0.979369 0.980983
 757.346 0.980574 0.980423 0.979529 0.981169
 758.932 0.980738 0.980986 0.979689 0.981352
 760.518 0.980902 0.98155 0.979851 0.981531
 762.104 0.981065 0.982114 0.980014 0.981707
 763.689 0.981227 0.982678 0.980177 0.981879
 765.275 0.981388 0.983242 0.980341 0.982047
 766.861 0.981549 0.983806 0.980507 0.982211
 768.447 0.98171 0.984369 0.980673 0.982372
 770.033 0.981869 0.984931 0.98084 0.982529
 771.619 0.982029 0.985493 0.981008 0.982683
 773.205 0.982187 0.986053 0.981177 0.982832
 774.791 0.982345 0.986612 0.981347 0.982978
 776.377 0.982502 0.98717 0.981518 0.983121
 777.963 0.982659 0.987727 0.981689 0.98326
 779.549 0.982815 0.988281 0.981862 0.983395
 781.135 0.982971 0.988834 0.982035 0.983527
 782.721 0.983126 0.989384 0.982209 0.983655
 784.307 0.98328 0.989932 0.982384 0.983781
 785.893 0.983434 0.990478 0.982559 0.983903
 787.479 0.983587 0.991021 0.982735 0.984023
 789.065 0.98374 0.991561 0.982912 0.98414
 790.651 0.983892 0.992098 0.983089 0.984254
 792.237 0.984044 0.992632 0.983267 0.984366
 793.823 0.984195 0.993163 0.983446 0.984475
 795.409 0.984345 0.99369 0.983625 0.984583
 796.995 0.984495 0.994213 0.983805 0.984689
 798.581 0.984645 0.994732 0.983984 0.984793
 800.167 0.984793 0.995246 0.984165 0.984896
 801.753 0.984942 0.995757 0.984345 0.984998
 803.339 0.985089 0.996263 0.984526 0.985099
 804.925 0.985237 0.996764 0.984707 0.985199
 806.511 0.985383 0.99726 0.984889 0.985299
 808.097 0.985529 0.99775 0.98507 0.985399
 809.683 0.985675 0.998236 0.985252 0.985499
 811.269 0.98582 0.998716 0.985433 0.985599
 812.855 0.985964 0.99919 0.985615 0.985699
 814.441 0.986108 0.999657 0.985796 0.985801
 816.027 0.986252 1.00012 0.985977 0.985903
 817.613 0.986395 1.00057 0.986158 0.986007
 819.199 0.986537 1.00102 0.986339 0.986112
 820.785 0.986679 1.00146 0.986519 0.986219
 822.371 0.986821 1.0019 0.986699 0.986327
 823.957 0.986962 1.00233 0.986879 0.986438
 825.543 0.987102 1.00275 0.987058 0.986551
 827.129 0.987242 1.00316 0.987236 0.986667
 828.715 0.987382 1.00356 0.987414 0.986785
 830.301 0.987521 1.00396 0.987591 0.986906
 831.886 0.987659 1.00435 0.987767 0.987029
 833.472 0.987797 1.00473 0.987943 0.987156
 835.058 0.987935 1.0051 0.988117 0.987286
 836.644 0.988072 1.00546 0.988291 0.987419
 838.23 0.988208 1.00581 0.988463 0.987555
 839.816 0.988344 1.00615 0.988635 0.987694
 841.402 0.98848 1.00649 0.988805 0.987837
 842.988 0.988615 1.00681 0.988974 0.987983
 844.574 0.988749 1.00712 0.989142 0.988132
 846.16 0.988884 1.00743 0.989309 0.988284
 847.746 0.989017 1.00772 0.989474 0.988439
 849.332 0.989151 1.008 0.989637 0.988598
 850.918 0.989283 1.00827 0.989799 0.988759
 852.504 0.989416 1.00853 0.98996 0.988924
 854.09 0.989548 1.00878 0.990119 0.98909
 855.676 0.989679 1.00902 0.990276 0.98926
 857.262 0.98981 1.00924 0.990431 0.989432
 858.848 0.98994 1.00945 0.990585 0.989605
 860.434 0.99007 1.00965 0.990737 0.989781
 862.02 0.9902 1.00984 0.990887 0.989958
 863.606 0.990329 1.01002 0.991035 0.990137
 865.192 0.990458 1.01018 0.991181 0.990316
 866.778 0.990586 1.01033 0.991325 0.990497
 868.364 0.990714 1.01047 0.991467 0.990677
 869.95 0.990842 1.01059 0.991607 0.990858
 871.536 0.990969 1.0107 0.991745 0.991039
 873.122 0.991095 1.01079 0.99188 0.991219
 874.708 0.991221 1.01087 0.992014 0.991398
 876.294 0.991347 1.01094 0.992145 0.991576
 877.88 0.991472 1.01099 0.992274 0.991753
 879.466 0.991597 1.01102 0.992401 0.991927
 881.052 0.991722 1.01105 0.992525 0.992099
 882.638 0.991846 1.01105 0.992647 0.992269
 884.224 0.991969 1.01104 0.992767 0.992435
 885.81 0.992092 1.01102 0.992885 0.992598
 887.396 0.992215 1.01097 0.993 0.992757
 888.982 0.992338 1.01092 0.993113 0.992913
 890.568 0.99246 1.01084 0.993224 0.993063
 892.154 0.992581 1.01075 0.993332 0.99321
 893.74 0.992702 1.01064 0.993438 0.993351
 895.326 0.992823 1.01052 0.993542 0.993488
 896.912 0.992944 1.01038 0.993644 0.993619
 898.497 0.993064 1.01022 0.993743 0.993745
 900.083 0.993183 1.01004 0.99384 0.993865
 901.669 0.993302 1.00985 0.993936 0.993979
 903.255 0.993421 1.00963 0.994029 0.994088
 904.841 0.99354 1.0094 0.99412 0.99419
 906.427 0.993658 1.00915 0.994209 0.994287
 908.013 0.993775 1.00888 0.994296 0.994378
 909.599 0.993893 1.00859 0.994381 0.994464
 911.185 0.994009 1.00829 0.994464 0.994543
 912.771 0.994126 1.00796 0.994546 0.994618
 914.357 0.994242 1.00761 0.994625 0.994687
 915.943 0.994358 1.00725 0.994704 0.994751
 917.529 0.994473 1.00686 0.994781 0.994811
 919.115 0.994588 1.00646 0.994856 0.994867
 920.701 0.994703 1.00603 0.99493 0.994919
 922.287 0.994817 1.00558 0.995003 0.994968
 923.873 0.994931 1.00511 0.995075 0.995014
 925.459 0.995045 1.00463 0.995146 0.995057
 927.045 0.995158 1.00412 0.995216 0.995099
 928.631 0.995271 1.00358 0.995285 0.995141
 930.217 0.995383 1.00303 0.995354 0.995182
 931.803 0.995495 1.00246 0.995422 0.995223
 933.389 0.995607 1.00186 0.99549 0.995266
 934.975 0.995718 1.00124 0.995558 0.995311
 936.561 0.995829 1.0006 0.995626 0.995358
 938.147 0.99594 0.999936 0.995694 0.99541
 939.733 0.99605 0.999249 0.995762 0.995466
 941.319 0.99616 0.99854 0.995832 0.995527
 942.905 0.99627 0.997808 0.995901 0.995594
 944.491 0.996379 0.997052 0.995972 0.995668
 946.077 0.996488 0.996273 0.996044 0.99575
 947.663 0.996597 0.99547 0.996118 0.99584
 949.249 0.996705 0.994643 0.996193 0.995939
 950.835 0.996813 0.993792 0.996269 0.996048
 952.421 0.996921 0.992918 0.996348 0.996167
 954.007 0.997028 0.992019 0.996429 0.996297
 955.593 0.997135 0.991095 0.996513 0.996437
 957.179 0.997242 0.990147 0.9966 0.996589
 958.765 0.997348 0.989173 0.996689 0.996752
 960.351 0.997454 0.988175 0.996782 0.996926
 961.937 0.997559 0.987152 0.996879 0.99711
 963.523 0.997665 0.986103 0.996979 0.997305
 965.109 0.99777 0.985029 0.997084 0.997509
 966.694 0.997874 0.983929 0.997193 0.997722
 968.28 0.997979 0.982804 0.997307 0.997942
 969.866 0.998083 0.981652 0.997426 0.998167
 971.452 0.998186 0.980474 0.99755 0.998396
 973.038 0.99829 0.97927 0.99768 0.998626
 974.624 0.998393 0.97804 0.997817 0.998855
 976.21 0.998496 0.976783 0.997959 0.999079
 977.796 0.998598 0.975499 0.998109 0.999295
 979.382 0.9987 0.974189 0.998265 0.999499
 980.968 0.998802 0.972851 0.99843 0.999686
 982.554 0.998903 0.971487 0.998602 0.99985
 984.14 0.999005 0.970095 0.998782 0.999987
 985.726 0.999105 0.968675 0.998971 1.00009
 987.312 0.999206 0.967228 0.999169 1.00015
 988.898 0.999306 0.965754 0.999376 1.00016
 990.484 0.999406 0.964251 0.999593 1.00011
 992.07 0.999506 0.962721 0.999821 0.999995
 993.656 0.999605 0.961163 1.00006 0.999801
 995.242 0.999704 0.959576 1.00031 0.999517
 996.828 0.999803 0.957961 1.00057 0.99913
 998.414 0.999902 0.956318 1.00084 0.998628
 1000 1 0.954646 1.00113 0.997996
