 T ac aj gpp
 273.15 4.76954 5.31751 4.76954
 273.376 4.86261 5.39527 4.86261
 273.602 4.95696 5.47393 4.95696
 273.828 5.0526 5.55349 5.0526
 274.055 5.14953 5.63395 5.14953
 274.281 5.24774 5.71532 5.24774
 274.507 5.34724 5.79761 5.34724
 274.733 5.44802 5.88082 5.44802
 274.959 5.55008 5.96495 5.55008
 275.185 5.65342 6.05001 5.65342
 275.411 5.75803 6.136 5.75803
 275.637 5.86392 6.22292 5.86392
 275.864 5.97106 6.31079 5.97106
 276.09 6.07946 6.39959 6.07946
 276.316 6.18912 6.48935 6.18912
 276.542 6.30001 6.58005 6.30001
 276.768 6.41214 6.6717 6.41214
 276.994 6.52549 6.7643 6.52549
 277.22 6.64006 6.85786 6.64006
 277.446 6.75582 6.95237 6.75582
 277.673 6.87278 7.04784 6.87278
 277.899 6.99091 7.14428 6.99091
 278.125 7.1102 7.24167 7.1102
 278.351 7.23064 7.34002 7.23064
 278.577 7.3522 7.43934 7.3522
 278.803 7.47488 7.53961 7.47488
 279.029 7.59865 7.64085 7.59865
 279.256 7.72349 7.74304 7.72349
 279.482 7.84939 7.8462 7.8462
 279.708 7.97632 7.95031 7.95031
 279.934 8.10425 8.05537 8.05537
 280.16 8.23317 8.16138 8.16138
 280.386 8.36305 8.26834 8.26834
 280.612 8.49386 8.37625 8.37625
 280.838 8.62557 8.48509 8.48509
 281.065 8.75816 8.59487 8.59487
 281.291 8.89159 8.70558 8.70558
 281.517 9.02584 8.81721 8.81721
 281.743 9.16087 8.92975 8.92975
 281.969 9.29664 9.04321 9.04321
 282.195 9.43313 9.15756 9.15756
 282.421 9.5703 9.2728 9.2728
 282.647 9.7081 9.38893 9.38893
 282.874 9.8465 9.50592 9.50592
 283.1 9.98545 9.62377 9.62377
 283.326 10.1249 9.74247 9.74247
 283.552 10.2649 9.862 9.862
 283.778 10.4052 9.98235 9.98235
 284.004 10.546 10.1035 10.1035
 284.23 10.6871 10.2254 10.2254
 284.457 10.8285 10.3481 10.3481
 284.683 10.9701 10.4716 10.4716
 284.909 11.1119 10.5958 10.5958
 285.135 11.2538 10.7207 10.7207
 285.361 11.3958 10.8462 10.8462
 285.587 11.5378 10.9725 10.9725
 285.813 11.6797 11.0994 11.0994
 286.039 11.8216 11.2269 11.2269
 286.266 11.9633 11.3549 11.3549
 286.492 12.1047 11.4835 11.4835
 286.718 12.2459 11.6127 11.6127
 286.944 12.3867 11.7423 11.7423
 287.17 12.5271 11.8724 11.8724
 287.396 12.667 12.0029 12.0029
 287.622 12.8063 12.1338 12.1338
 287.848 12.9449 12.265 12.265
 288.075 13.0829 12.3965 12.3965
 288.301 13.22 12.5282 12.5282
 288.527 13.3563 12.6602 12.6602
 288.753 13.4916 12.7923 12.7923
 288.979 13.6259 12.9245 12.9245
 289.205 13.759 13.0567 13.0567
 289.431 13.891 13.189 13.189
 289.658 14.0216 13.3212 13.3212
 289.884 14.1508 13.4532 13.4532
 290.11 14.2786 13.5851 13.5851
 290.336 14.4048 13.7166 13.7166
 290.562 14.5293 13.8479 13.8479
 290.788 14.652 13.9788 13.9788
 291.014 14.7728 14.1092 14.1092
 291.24 14.8917 14.239 14.239
 291.467 15.0085 14.3682 14.3682
 291.693 15.1231 14.4966 14.4966
 291.919 15.2354 14.6243 14.6243
 292.145 15.3454 14.7511 14.7511
 292.371 15.4527 14.8768 14.8768
 292.597 15.5575 15.0015 15.0015
 292.823 15.6595 15.125 15.125
 293.049 15.7587 15.2472 15.2472
 293.276 15.8548 15.368 15.368
 293.502 15.9479 15.4873 15.4873
 293.728 16.0377 15.6049 15.6049
 293.954 16.1242 15.7208 15.7208
 294.18 16.2073 15.8349 15.8349
 294.406 16.2867 15.947 15.947
 294.632 16.3624 16.0569 16.0569
 294.859 16.4342 16.1647 16.1647
 295.085 16.5021 16.27 16.27
 295.311 16.5658 16.3729 16.3729
 295.537 16.6254 16.4731 16.4731
 295.763 16.6805 16.5705 16.5705
 295.989 16.7312 16.665 16.665
 296.215 16.7772 16.7564 16.7564
 296.441 16.8185 16.8446 16.8185
 296.668 16.8549 16.9295 16.8549
 296.894 16.8863 17.0108 16.8863
 297.12 16.9126 17.0885 16.9126
 297.346 16.9336 17.1623 16.9336
 297.572 16.9493 17.2322 16.9493
 297.798 16.9595 17.298 16.9595
 298.024 16.9641 17.3595 16.9641
 298.251 16.963 17.4166 16.963
 298.477 16.9561 17.469 16.9561
 298.703 16.9433 17.5168 16.9433
 298.929 16.9245 17.5597 16.9245
 299.155 16.8997 17.5975 16.8997
 299.381 16.8686 17.6302 16.8686
 299.607 16.8314 17.6576 16.8314
 299.833 16.7878 17.6796 16.7878
 300.06 16.7378 17.6959 16.7378
 300.286 16.6815 17.7066 16.6815
 300.512 16.6187 17.7114 16.6187
 300.738 16.5494 17.7103 16.5494
 300.964 16.4735 17.7032 16.4735
 301.19 16.3912 17.6899 16.3912
 301.416 16.3023 17.6703 16.3023
 301.642 16.207 17.6445 16.207
 301.869 16.1051 17.6122 16.1051
 302.095 15.9968 17.5734 15.9968
 302.321 15.8821 17.5281 15.8821
 302.547 15.761 17.4762 15.761
 302.773 15.6336 17.4176 15.6336
 302.999 15.5001 17.3525 15.5001
 303.225 15.3605 17.2806 15.3605
 303.452 15.2149 17.2022 15.2149
 303.678 15.0634 17.117 15.0634
 303.904 14.9063 17.0252 14.9063
 304.13 14.7435 16.9269 14.7435
 304.356 14.5754 16.822 14.5754
 304.582 14.4021 16.7106 14.4021
 304.808 14.2238 16.5928 14.2238
 305.034 14.0406 16.4687 14.0406
 305.261 13.8528 16.3384 13.8528
 305.487 13.6607 16.202 13.6607
 305.713 13.4644 16.0596 13.4644
 305.939 13.2642 15.9115 13.2642
 306.165 13.0603 15.7577 13.0603
 306.391 12.853 15.5983 12.853
 306.617 12.6426 15.4337 12.6426
 306.843 12.4293 15.264 12.4293
 307.07 12.2134 15.0893 12.2134
 307.296 11.9952 14.91 11.9952
 307.522 11.775 14.7262 11.775
 307.748 11.553 14.5381 11.553
 307.974 11.3296 14.346 11.3296
 308.2 11.105 14.1501 11.105
 308.426 10.8795 13.9507 10.8795
 308.653 10.6533 13.7481 10.6533
 308.879 10.4268 13.5424 10.4268
 309.105 10.2003 13.334 10.2003
 309.331 9.97388 13.1232 9.97388
 309.557 9.74794 12.9101 9.74794
 309.783 9.52271 12.6951 9.52271
 310.009 9.29843 12.4784 9.29843
 310.235 9.07533 12.2603 9.07533
 310.462 8.85364 12.0411 8.85364
 310.688 8.63358 11.8209 8.63358
 310.914 8.41537 11.6002 8.41537
 311.14 8.19919 11.3791 8.19919
 311.366 7.98525 11.1578 7.98525
 311.592 7.7737 10.9367 7.7737
 311.818 7.56473 10.7159 7.56473
 312.044 7.35849 10.4956 7.35849
 312.271 7.15511 10.2762 7.15511
 312.497 6.95474 10.0578 6.95474
 312.723 6.75749 9.84053 6.75749
 312.949 6.56347 9.62468 6.56347
 313.175 6.37278 9.41042 6.37278
 313.401 6.18551 9.1979 6.18551
 313.627 6.00174 8.98731 6.00174
 313.854 5.82153 8.77878 5.82153
 314.08 5.64495 8.57248 5.64495
 314.306 5.47203 8.36852 5.47203
 314.532 5.30281 8.16704 5.30281
 314.758 5.13734 7.96816 5.13734
 314.984 4.97561 7.77198 4.97561
 315.21 4.81766 7.57859 4.81766
 315.436 4.66347 7.38809 4.66347
 315.663 4.51306 7.20055 4.51306
 315.889 4.3664 7.01604 4.3664
 316.115 4.22349 6.83463 4.22349
 316.341 4.0843 6.65637 4.0843
 316.567 3.9488 6.4813 3.9488
 316.793 3.81696 6.30946 3.81696
 317.019 3.68874 6.14089 3.68874
 317.245 3.56411 5.97559 3.56411
 317.472 3.443 5.81361 3.443
 317.698 3.32539 5.65493 3.32539
 317.924 3.2112 5.49957 3.2112
 318.15 3.10039 5.34753 3.10039
