 ns f1 f2 f3
 1000 1e+10 1e+09 1e+08
 1168.95 1.36645e+10 1.36645e+09 1.36645e+08
 1366.45 1.86718e+10 1.86718e+09 1.86718e+08
 1597.31 2.55141e+10 2.55141e+09 2.55141e+08
 1867.18 3.48637e+10 3.48637e+09 3.48637e+08
 2182.64 4.76394e+10 4.76394e+09 4.76394e+08
 2551.41 6.50968e+10 6.50968e+09 6.50968e+08
 2982.47 8.89513e+10 8.89513e+09 8.89513e+08
 3486.37 1.21547e+11 1.21547e+10 1.21547e+09
 4075.39 1.66088e+11 1.66088e+10 1.66088e+09
 4763.94 2.26951e+11 2.26951e+10 2.26951e+09
 5568.81 3.10117e+11 3.10117e+10 3.10117e+09
 6509.68 4.23759e+11 4.23759e+10 4.23759e+09
 7609.5 5.79044e+11 5.79044e+10 5.79044e+09
 8895.13 7.91234e+11 7.91234e+10 7.91234e+09
 10398 1.08118e+12 1.08118e+11 1.08118e+10
 12154.7 1.47738e+12 1.47738e+11 1.47738e+10
 14208.3 2.01876e+12 2.01876e+11 2.01876e+10
 16608.8 2.75853e+12 2.75853e+11 2.75853e+10
 19414.9 3.76939e+12 3.76939e+11 3.76939e+10
 22695.1 5.15068e+12 5.15068e+11 5.15068e+10
 26529.5 7.03814e+12 7.03814e+11 7.03814e+10
 31011.7 9.61725e+12 9.61725e+11 9.61725e+10
 36251.2 1.31415e+13 1.31415e+12 1.31415e+11
 42375.9 1.79571e+13 1.79571e+12 1.79571e+11
 49535.4 2.45375e+13 2.45375e+12 2.45375e+11
 57904.4 3.35292e+13 3.35292e+12 3.35292e+11
 67687.5 4.5816e+13 4.5816e+12 4.5816e+11
 79123.4 6.26052e+13 6.26052e+12 6.26052e+11
 92491.5 8.55467e+13 8.55467e+12 8.55467e+11
 108118 1.16895e+14 1.16895e+13 1.16895e+12
 126385 1.59731e+14 1.59731e+13 1.59731e+12
 147738 2.18264e+14 2.18264e+13 2.18264e+12
 172698 2.98247e+14 2.98247e+13 2.98247e+12
 201876 4.07539e+14 4.07539e+13 4.07539e+12
 235983 5.56881e+14 5.56881e+13 5.56881e+12
 275853 7.6095e+14 7.6095e+13 7.6095e+12
 322459 1.0398e+15 1.0398e+14 1.0398e+13
 376939 1.42083e+15 1.42083e+14 1.42083e+13
 440624 1.94149e+15 1.94149e+14 1.94149e+13
 515068 2.65295e+15 2.65295e+14 2.65295e+13
 602089 3.62512e+15 3.62512e+14 3.62512e+13
 703814 4.95354e+15 4.95354e+14 4.95354e+13
 822724 6.76875e+15 6.76875e+14 6.76875e+13
 961725 9.24915e+15 9.24915e+14 9.24915e+13
 1.12421e+06 1.26385e+16 1.26385e+15 1.26385e+14
 1.31415e+06 1.72698e+16 1.72698e+15 1.72698e+14
 1.53617e+06 2.35983e+16 2.35983e+15 2.35983e+14
 1.79571e+06 3.22459e+16 3.22459e+15 3.22459e+14
 2.0991e+06 4.40624e+16 4.40624e+15 4.40624e+14
 2.45375e+06 6.02089e+16 6.02089e+15 6.02089e+14
 2.86832e+06 8.22724e+16 8.22724e+15 8.22724e+14
 3.35292e+06 1.12421e+17 1.12421e+16 1.12421e+15
 3.91941e+06 1.53617e+17 1.53617e+16 1.53617e+15
 4.5816e+06 2.0991e+17 2.0991e+16 2.0991e+15
 5.35567e+06 2.86832e+17 2.86832e+16 2.86832e+15
 6.26052e+06 3.91941e+17 3.91941e+16 3.91941e+15
 7.31824e+06 5.35567e+17 5.35567e+16 5.35567e+15
 8.55467e+06 7.31824e+17 7.31824e+16 7.31824e+15
 1e+07 1e+18 1e+17 1e+16
