 N w z
 2.5 1 1.65501
 2.58621 1 1.51355
 2.67241 1 1.38684
 2.75862 1 1.27357
 2.84483 1 1.17255
 2.93103 1 1.08272
 3.01724 1 1.00307
 3.10345 1 0.932701
 3.18966 1 0.870767
 3.27586 1 0.816487
 3.36207 1 0.769126
 3.44828 1 0.727996
 3.53448 1 0.692451
 3.62069 1 0.661883
 3.7069 1 0.635722
 3.7931 1 0.61344
 3.87931 1 0.594546
 3.96552 1 0.578594
 4.05172 1 0.565178
 4.13793 1 0.553935
 4.22414 1 0.544543
 4.31034 1 0.536719
 4.39655 1 0.530218
 4.48276 1 0.524827
 4.56897 1 0.520365
 4.65517 1 0.516678
 4.74138 1 0.513634
 4.82759 1 0.511125
 4.91379 1 0.509059
 5 1 0.507358
 2.5 1.06897 1.64473
 2.58621 1.06897 1.5023
 2.67241 1.06897 1.37455
 2.75862 1.06897 1.26018
 2.84483 1.06897 1.158
 2.93103 1.06897 1.06694
 3.01724 1.06897 0.986015
 3.10345 1.06897 0.914334
 3.18966 1.06897 0.851065
 3.27586 1.06897 0.795441
 3.36207 1.06897 0.746746
 3.44828 1.06897 0.704311
 3.53448 1.06897 0.667506
 3.62069 1.06897 0.635739
 3.7069 1.06897 0.608456
 3.7931 1.06897 0.585136
 3.87931 1.06897 0.565297
 3.96552 1.06897 0.548495
 4.05172 1.06897 0.534324
 4.13793 1.06897 0.522417
 4.22414 1.06897 0.512448
 4.31034 1.06897 0.504126
 4.39655 1.06897 0.497199
 4.48276 1.06897 0.491446
 4.56897 1.06897 0.486678
 4.65517 1.06897 0.482733
 4.74138 1.06897 0.479475
 4.82759 1.06897 0.476786
 4.91379 1.06897 0.47457
 5 1.06897 0.472746
 2.5 1.13793 1.6359
 2.58621 1.13793 1.49264
 2.67241 1.13793 1.36399
 2.75862 1.13793 1.24864
 2.84483 1.13793 1.14543
 2.93103 1.13793 1.05329
 3.01724 1.13793 0.971227
 3.10345 1.13793 0.898367
 3.18966 1.13793 0.833888
 3.27586 1.13793 0.777035
 3.36207 1.13793 0.727109
 3.44828 1.13793 0.683455
 3.53448 1.13793 0.645462
 3.62069 1.13793 0.612553
 3.7069 1.13793 0.584188
 3.7931 1.13793 0.559858
 3.87931 1.13793 0.53909
 3.96552 1.13793 0.521444
 4.05172 1.13793 0.506516
 4.13793 1.13793 0.49394
 4.22414 1.13793 0.483384
 4.31034 1.13793 0.474553
 4.39655 1.13793 0.467187
 4.48276 1.13793 0.46106
 4.56897 1.13793 0.455974
 4.65517 1.13793 0.451762
 4.74138 1.13793 0.448278
 4.82759 1.13793 0.445401
 4.91379 1.13793 0.443028
 5 1.13793 0.441073
 2.5 1.2069 1.62834
 2.58621 1.2069 1.48434
 2.67241 1.2069 1.3549
 2.75862 1.2069 1.23872
 2.84483 1.2069 1.1346
 2.93103 1.2069 1.0415
 3.01724 1.2069 0.958431
 3.10345 1.2069 0.884517
 3.18966 1.2069 0.818948
 3.27586 1.2069 0.76098
 3.36207 1.2069 0.709925
 3.44828 1.2069 0.665145
 3.53448 1.2069 0.626042
 3.62069 1.2069 0.592054
 3.7069 1.2069 0.562657
 3.7931 1.2069 0.537353
 3.87931 1.2069 0.515679
 3.96552 1.2069 0.497203
 4.05172 1.2069 0.481524
 4.13793 1.2069 0.468277
 4.22414 1.2069 0.457129
 4.31034 1.2069 0.44778
 4.39655 1.2069 0.439967
 4.48276 1.2069 0.433455
 4.56897 1.2069 0.428041
 4.65517 1.2069 0.423551
 4.74138 1.2069 0.419833
 4.82759 1.2069 0.41676
 4.91379 1.2069 0.414223
 5 1.2069 0.412131
 2.5 1.27586 1.62186
 2.58621 1.27586 1.47723
 2.67241 1.27586 1.34711
 2.75862 1.27586 1.23018
 2.84483 1.27586 1.12528
 2.93103 1.27586 1.03133
 3.01724 1.27586 0.947376
 3.10345 1.27586 0.872527
 3.18966 1.27586 0.805983
 3.27586 1.27586 0.747009
 3.36207 1.27586 0.694929
 3.44828 1.27586 0.649115
 3.53448 1.27586 0.608983
 3.62069 1.27586 0.573987
 3.7069 1.27586 0.543613
 3.7931 1.27586 0.517378
 3.87931 1.27586 0.49483
 3.96552 1.27586 0.475545
 4.05172 1.27586 0.459128
 4.13793 1.27586 0.445215
 4.22414 1.27586 0.433473
 4.31034 1.27586 0.423603
 4.39655 1.27586 0.415335
 4.48276 1.27586 0.408431
 4.56897 1.27586 0.402681
 4.65517 1.27586 0.397905
 4.74138 1.27586 0.393945
 4.82759 1.27586 0.390668
 4.91379 1.27586 0.387961
 5 1.27586 0.385726
 2.5 1.34483 1.61631
 2.58621 1.34483 1.47113
 2.67241 1.34483 1.34042
 2.75862 1.34483 1.22286
 2.84483 1.34483 1.11727
 2.93103 1.34483 1.02258
 3.01724 1.34483 0.937842
 3.10345 1.34483 0.862165
 3.18966 1.34483 0.794754
 3.27586 1.34483 0.73488
 3.36207 1.34483 0.681874
 3.44828 1.34483 0.635119
 3.53448 1.34483 0.594043
 3.62069 1.34483 0.55811
 3.7069 1.34483 0.526821
 3.7931 1.34483 0.499706
 3.87931 1.34483 0.476322
 3.96552 1.34483 0.456255
 4.05172 1.34483 0.439117
 4.13793 1.34483 0.424549
 4.22414 1.34483 0.41222
 4.31034 1.34483 0.401828
 4.39655 1.34483 0.393102
 4.48276 1.34483 0.3858
 4.56897 1.34483 0.379708
 4.65517 1.34483 0.374638
 4.74138 1.34483 0.37043
 4.82759 1.34483 0.366943
 4.91379 1.34483 0.36406
 5 1.34483 0.361678
 2.5 1.41379 1.61156
 2.58621 1.41379 1.46591
 2.67241 1.41379 1.33469
 2.75862 1.41379 1.21657
 2.84483 1.41379 1.11038
 2.93103 1.41379 1.01506
 3.01724 1.41379 0.929631
 3.10345 1.41379 0.853225
 3.18966 1.41379 0.785047
 3.27586 1.41379 0.724371
 3.36207 1.41379 0.670535
 3.44828 1.41379 0.62293
 3.53448 1.41379 0.580992
 3.62069 1.41379 0.544199
 3.7069 1.41379 0.51206
 3.7931 1.41379 0.484119
 3.87931 1.41379 0.459944
 3.96552 1.41379 0.439129
 4.05172 1.41379 0.421295
 4.13793 1.41379 0.406087
 4.22414 1.41379 0.393179
 4.31034 1.41379 0.38227
 4.39655 1.41379 0.373087
 4.48276 1.41379 0.365386
 4.56897 1.41379 0.358947
 4.65517 1.41379 0.35358
 4.74138 1.41379 0.349118
 4.82759 1.41379 0.345416
 4.91379 1.41379 0.342351
 5 1.41379 0.339817
 2.5 1.48276 1.60749
 2.58621 1.48276 1.46144
 2.67241 1.48276 1.32978
 2.75862 1.48276 1.21118
 2.84483 1.48276 1.10448
 2.93103 1.48276 1.00859
 3.01724 1.48276 0.922567
 3.10345 1.48276 0.845524
 3.18966 1.48276 0.77667
 3.27586 1.48276 0.715284
 3.36207 1.48276 0.660708
 3.44828 1.48276 0.612339
 3.53448 1.48276 0.569621
 3.62069 1.48276 0.532042
 3.7069 1.48276 0.499122
 3.7931 1.48276 0.470413
 3.87931 1.48276 0.445494
 3.96552 1.48276 0.42397
 4.05172 1.48276 0.40547
 4.13793 1.48276 0.389646
 4.22414 1.48276 0.376174
 4.31034 1.48276 0.364757
 4.39655 1.48276 0.355121
 4.48276 1.48276 0.347021
 4.56897 1.48276 0.340235
 4.65517 1.48276 0.334568
 4.74138 1.48276 0.329849
 4.82759 1.48276 0.325928
 4.91379 1.48276 0.322678
 5 1.48276 0.319988
 2.5 1.55172 1.60402
 2.58621 1.55172 1.45762
 2.67241 1.55172 1.32557
 2.75862 1.55172 1.20656
 2.84483 1.55172 1.09941
 2.93103 1.55172 1.00304
 3.01724 1.55172 0.916498
 3.10345 1.55172 0.838897
 3.18966 1.55172 0.76945
 3.27586 1.55172 0.707438
 3.36207 1.55172 0.652206
 3.44828 1.55172 0.603155
 3.53448 1.55172 0.559738
 3.62069 1.55172 0.521447
 3.7069 1.55172 0.487812
 3.7931 1.55172 0.458395
 3.87931 1.55172 0.432785
 3.96552 1.55172 0.410595
 4.05172 1.55172 0.391464
 4.13793 1.55172 0.375049
 4.22414 1.55172 0.361033
 4.31034 1.55172 0.349121
 4.39655 1.55172 0.339041
 4.48276 1.55172 0.330547
 4.56897 1.55172 0.323416
 4.65517 1.55172 0.317449
 4.74138 1.55172 0.312471
 4.82759 1.55172 0.30833
 4.91379 1.55172 0.304892
 5 1.55172 0.302044
 2.5 1.62069 1.60104
 2.58621 1.62069 1.45435
 2.67241 1.62069 1.32198
 2.75862 1.62069 1.20261
 2.84483 1.62069 1.09507
 2.93103 1.62069 0.998285
 3.01724 1.62069 0.911287
 3.10345 1.62069 0.833202
 3.18966 1.62069 0.763237
 3.27586 1.62069 0.700675
 3.36207 1.62069 0.644864
 3.44828 1.62069 0.595208
 3.53448 1.62069 0.551165
 3.62069 1.62069 0.512234
 3.7069 1.62069 0.477951
 3.7931 1.62069 0.447887
 3.87931 1.62069 0.421639
 3.96552 1.62069 0.39883
 4.05172 1.62069 0.379105
 4.13793 1.62069 0.36213
 4.22414 1.62069 0.347594
 4.31034 1.62069 0.335204
 4.39655 1.62069 0.324693
 4.48276 1.62069 0.315813
 4.56897 1.62069 0.308341
 4.65517 1.62069 0.302077
 4.74138 1.62069 0.296842
 4.82759 1.62069 0.292479
 4.91379 1.62069 0.288853
 5 1.62069 0.285845
 2.5 1.68966 1.5985
 2.58621 1.68966 1.45155
 2.67241 1.68966 1.3189
 2.75862 1.68966 1.19923
 2.84483 1.68966 1.09135
 2.93103 1.68966 0.994208
 3.01724 1.68966 0.906818
 3.10345 1.68966 0.828312
 3.18966 1.68966 0.757896
 3.27586 1.68966 0.694853
 3.36207 1.68966 0.638533
 3.44828 1.68966 0.588344
 3.53448 1.68966 0.543745
 3.62069 1.68966 0.504241
 3.7069 1.68966 0.469374
 3.7931 1.68966 0.438723
 3.87931 1.68966 0.411892
 3.96552 1.68966 0.388511
 4.05172 1.68966 0.368233
 4.13793 1.68966 0.350733
 4.22414 1.68966 0.335703
 4.31034 1.68966 0.322858
 4.39655 1.68966 0.311931
 4.48276 1.68966 0.302676
 4.56897 1.68966 0.294872
 4.65517 1.68966 0.288315
 4.74138 1.68966 0.282825
 4.82759 1.68966 0.278243
 4.91379 1.68966 0.274428
 5 1.68966 0.271261
 2.5 1.75862 1.59633
 2.58621 1.75862 1.44916
 2.67241 1.75862 1.31627
 2.75862 1.75862 1.19633
 2.84483 1.75862 1.08817
 2.93103 1.75862 0.990715
 3.01724 1.75862 0.902988
 3.10345 1.75862 0.824117
 3.18966 1.75862 0.753308
 3.27586 1.75862 0.689847
 3.36207 1.75862 0.633082
 3.44828 1.75862 0.582423
 3.53448 1.75862 0.537333
 3.62069 1.75862 0.497319
 3.7069 1.75862 0.461931
 3.7931 1.75862 0.43075
 3.87931 1.75862 0.403389
 3.96552 1.75862 0.379485
 4.05172 1.75862 0.358697
 4.13793 1.75862 0.340707
 4.22414 1.75862 0.325215
 4.31034 1.75862 0.311938
 4.39655 1.75862 0.300614
 4.48276 1.75862 0.291
 4.56897 1.75862 0.282874
 4.65517 1.75862 0.276032
 4.74138 1.75862 0.270293
 4.82759 1.75862 0.265494
 4.91379 1.75862 0.261494
 5 1.75862 0.258167
 2.5 1.82759 1.59448
 2.58621 1.82759 1.44712
 2.67241 1.82759 1.31402
 2.75862 1.82759 1.19386
 2.84483 1.82759 1.08545
 2.93103 1.82759 0.987726
 3.01724 1.82759 0.899707
 3.10345 1.82759 0.820521
 3.18966 1.82759 0.749373
 3.27586 1.82759 0.685547
 3.36207 1.82759 0.628393
 3.44828 1.82759 0.577323
 3.53448 1.82759 0.531801
 3.62069 1.82759 0.491338
 3.7069 1.82759 0.455485
 3.7931 1.82759 0.42383
 3.87931 1.82759 0.395991
 3.96552 1.82759 0.371611
 4.05172 1.82759 0.350356
 4.13793 1.82759 0.331915
 4.22414 1.82759 0.315991
 4.31034 1.82759 0.30231
 4.39655 1.82759 0.290611
 4.48276 1.82759 0.280655
 4.56897 1.82759 0.272219
 4.65517 1.82759 0.265103
 4.74138 1.82759 0.259122
 4.82759 1.82759 0.254112
 4.91379 1.82759 0.24993
 5 1.82759 0.246447
 2.5 1.89655 1.5929
 2.58621 1.89655 1.44538
 2.67241 1.89655 1.3121
 2.75862 1.89655 1.19174
 2.84483 1.89655 1.08313
 2.93103 1.89655 0.985169
 3.01724 1.89655 0.896899
 3.10345 1.89655 0.81744
 3.18966 1.89655 0.745999
 3.27586 1.89655 0.681857
 3.36207 1.89655 0.624366
 3.44828 1.89655 0.572937
 3.53448 1.89655 0.527036
 3.62069 1.89655 0.486176
 3.7069 1.89655 0.449912
 3.7931 1.89655 0.417835
 3.87931 1.89655 0.389568
 3.96552 1.89655 0.364759
 4.05172 1.89655 0.34308
 4.13793 1.89655 0.324225
 4.22414 1.89655 0.307904
 4.31034 1.89655 0.293846
 4.39655 1.89655 0.281796
 4.48276 1.89655 0.271517
 4.56897 1.89655 0.262788
 4.65517 1.89655 0.255409
 4.74138 1.89655 0.249195
 4.82759 1.89655 0.243982
 4.91379 1.89655 0.239623
 5 1.89655 0.235989
 2.5 1.96552 1.59155
 2.58621 1.96552 1.44389
 2.67241 1.96552 1.31046
 2.75862 1.96552 1.18994
 2.84483 1.96552 1.08114
 2.93103 1.96552 0.982981
 3.01724 1.96552 0.894496
 3.10345 1.96552 0.814803
 3.18966 1.96552 0.743108
 3.27586 1.96552 0.678693
 3.36207 1.96552 0.620909
 3.44828 1.96552 0.569167
 3.53448 1.96552 0.522936
 3.62069 1.96552 0.481728
 3.7069 1.96552 0.445102
 3.7931 1.96552 0.412652
 3.87931 1.96552 0.384003
 3.96552 1.96552 0.358809
 4.05172 1.96552 0.336748
 4.13793 1.96552 0.317517
 4.22414 1.96552 0.300832
 4.31034 1.96552 0.286427
 4.39655 1.96552 0.274051
 4.48276 1.96552 0.26347
 4.56897 1.96552 0.254466
 4.65517 1.96552 0.246838
 4.74138 1.96552 0.240403
 4.82759 1.96552 0.234995
 4.91379 1.96552 0.230465
 5 1.96552 0.226684
 2.5 2.03448 1.59039
 2.58621 2.03448 1.44262
 2.67241 2.03448 1.30905
 2.75862 2.03448 1.18839
 2.84483 2.03448 1.07944
 2.93103 2.03448 0.981111
 3.01724 2.03448 0.892441
 3.10345 2.03448 0.812546
 3.18966 2.03448 0.740632
 3.27586 2.03448 0.675982
 3.36207 2.03448 0.617944
 3.44828 2.03448 0.565932
 3.53448 2.03448 0.519412
 3.62069 2.03448 0.477901
 3.7069 2.03448 0.440957
 3.7931 2.03448 0.408177
 3.87931 2.03448 0.37919
 3.96552 2.03448 0.353654
 4.05172 2.03448 0.33125
 4.13793 2.03448 0.31168
 4.22414 2.03448 0.294665
 4.31034 2.03448 0.279942
 4.39655 2.03448 0.267266
 4.48276 2.03448 0.256405
 4.56897 2.03448 0.247144
 4.65517 2.03448 0.239283
 4.74138 2.03448 0.232639
 4.82759 2.03448 0.227046
 4.91379 2.03448 0.222355
 5 2.03448 0.218433
 2.5 2.10345 1.58941
 2.58621 2.10345 1.44153
 2.67241 2.10345 1.30786
 2.75862 2.10345 1.18707
 2.84483 2.10345 1.07799
 2.93103 2.10345 0.979513
 3.01724 2.10345 0.890683
 3.10345 2.10345 0.810615
 3.18966 2.10345 0.738514
 3.27586 2.10345 0.67366
 3.36207 2.10345 0.615403
 3.44828 2.10345 0.563157
 3.53448 2.10345 0.516387
 3.62069 2.10345 0.474611
 3.7069 2.10345 0.43739
 3.7931 2.10345 0.404321
 3.87931 2.10345 0.375036
 3.96552 2.10345 0.349196
 4.05172 2.10345 0.326486
 4.13793 2.10345 0.306612
 4.22414 2.10345 0.289299
 4.31034 2.10345 0.274289
 4.39655 2.10345 0.261339
 4.48276 2.10345 0.25022
 4.56897 2.10345 0.240721
 4.65517 2.10345 0.232643
 4.74138 2.10345 0.225803
 4.82759 2.10345 0.220037
 4.91379 2.10345 0.215193
 5 2.10345 0.211139
 2.5 2.17241 1.58857
 2.58621 2.17241 1.4406
 2.67241 2.17241 1.30684
 2.75862 2.17241 1.18595
 2.84483 2.17241 1.07674
 2.93103 2.17241 0.978148
 3.01724 2.17241 0.889181
 3.10345 2.17241 0.808965
 3.18966 2.17241 0.736702
 3.27586 2.17241 0.671673
 3.36207 2.17241 0.613228
 3.44828 2.17241 0.560778
 3.53448 2.17241 0.513792
 3.62069 2.17241 0.471786
 3.7069 2.17241 0.434323
 3.7931 2.17241 0.401001
 3.87931 2.17241 0.371455
 3.96552 2.17241 0.345347
 4.05172 2.17241 0.322365
 4.13793 2.17241 0.302221
 4.22414 2.17241 0.284641
 4.31034 2.17241 0.269371
 4.39655 2.17241 0.256173
 4.48276 2.17241 0.24482
 4.56897 2.17241 0.235103
 4.65517 2.17241 0.226824
 4.74138 2.17241 0.219804
 4.82759 2.17241 0.213876
 4.91379 2.17241 0.208889
 5 2.17241 0.20471
 2.5 2.24138 1.58785
 2.58621 2.24138 1.43981
 2.67241 2.24138 1.30596
 2.75862 2.24138 1.18499
 2.84483 2.24138 1.07568
 2.93103 2.24138 0.976981
 3.01724 2.24138 0.887898
 3.10345 2.24138 0.807554
 3.18966 2.24138 0.735152
 3.27586 2.24138 0.669973
 3.36207 2.24138 0.611365
 3.44828 2.24138 0.558741
 3.53448 2.24138 0.511567
 3.62069 2.24138 0.469363
 3.7069 2.24138 0.431689
 3.7931 2.24138 0.398147
 3.87931 2.24138 0.368372
 3.96552 2.24138 0.342029
 4.05172 2.24138 0.318808
 4.13793 2.24138 0.298423
 4.22414 2.24138 0.280606
 4.31034 2.24138 0.265104
 4.39655 2.24138 0.251682
 4.48276 2.24138 0.240117
 4.56897 2.24138 0.230201
 4.65517 2.24138 0.22174
 4.74138 2.24138 0.214553
 4.82759 2.24138 0.208475
 4.91379 2.24138 0.203357
 5 2.24138 0.199061
 2.5 2.31034 1.58723
 2.58621 2.31034 1.43913
 2.67241 2.31034 1.30522
 2.75862 2.31034 1.18416
 2.84483 2.31034 1.07478
 2.93103 2.31034 0.975985
 3.01724 2.31034 0.886801
 3.10345 2.31034 0.806348
 3.18966 2.31034 0.733827
 3.27586 2.31034 0.668519
 3.36207 2.31034 0.609771
 3.44828 2.31034 0.556997
 3.53448 2.31034 0.509662
 3.62069 2.31034 0.467285
 3.7069 2.31034 0.429429
 3.7931 2.31034 0.395696
 3.87931 2.31034 0.365721
 3.96552 2.31034 0.339172
 4.05172 2.31034 0.315742
 4.13793 2.31034 0.295145
 4.22414 2.31034 0.277117
 4.31034 2.31034 0.261408
 4.39655 2.31034 0.247786
 4.48276 2.31034 0.23603
 4.56897 2.31034 0.225935
 4.65517 2.31034 0.217308
 4.74138 2.31034 0.209969
 4.82759 2.31034 0.203755
 4.91379 2.31034 0.198514
 5 2.31034 0.194112
 2.5 2.37931 1.58671
 2.58621 2.37931 1.43856
 2.67241 2.37931 1.30458
 2.75862 2.37931 1.18346
 2.84483 2.37931 1.07401
 2.93103 2.37931 0.975134
 3.01724 2.37931 0.885865
 3.10345 2.37931 0.805318
 3.18966 2.37931 0.732695
 3.27586 2.37931 0.667276
 3.36207 2.37931 0.608409
 3.44828 2.37931 0.555504
 3.53448 2.37931 0.508031
 3.62069 2.37931 0.465506
 3.7069 2.37931 0.427492
 3.7931 2.37931 0.393592
 3.87931 2.37931 0.363444
 3.96552 2.37931 0.336716
 4.05172 2.37931 0.313101
 4.13793 2.37931 0.292319
 4.22414 2.37931 0.274105
 4.31034 2.37931 0.258213
 4.39655 2.37931 0.244413
 4.48276 2.37931 0.232486
 4.56897 2.37931 0.22223
 4.65517 2.37931 0.213453
 4.74138 2.37931 0.205978
 4.82759 2.37931 0.199639
 4.91379 2.37931 0.194288
 5 2.37931 0.189787
 2.5 2.44828 1.58627
 2.58621 2.44828 1.43806
 2.67241 2.44828 1.30404
 2.75862 2.44828 1.18286
 2.84483 2.44828 1.07335
 2.93103 2.44828 0.974407
 3.01724 2.44828 0.885065
 3.10345 2.44828 0.804438
 3.18966 2.44828 0.731728
 3.27586 2.44828 0.666214
 3.36207 2.44828 0.607243
 3.44828 2.44828 0.554228
 3.53448 2.44828 0.506635
 3.62069 2.44828 0.463982
 3.7069 2.44828 0.425832
 3.7931 2.44828 0.391789
 3.87931 2.44828 0.36149
 3.96552 2.44828 0.334606
 4.05172 2.44828 0.310831
 4.13793 2.44828 0.289886
 4.22414 2.44828 0.271509
 4.31034 2.44828 0.255455
 4.39655 2.44828 0.241498
 4.48276 2.44828 0.22942
 4.56897 2.44828 0.21902
 4.65517 2.44828 0.210109
 4.74138 2.44828 0.20251
 4.82759 2.44828 0.19606
 4.91379 2.44828 0.190608
 5 2.44828 0.186018
 2.5 2.51724 1.58588
 2.58621 2.51724 1.43764
 2.67241 2.51724 1.30357
 2.75862 2.51724 1.18235
 2.84483 2.51724 1.07278
 2.93103 2.51724 0.973787
 3.01724 2.51724 0.884382
 3.10345 2.51724 0.803687
 3.18966 2.51724 0.730902
 3.27586 2.51724 0.665306
 3.36207 2.51724 0.606248
 3.44828 2.51724 0.553137
 3.53448 2.51724 0.505441
 3.62069 2.51724 0.462678
 3.7069 2.51724 0.424411
 3.7931 2.51724 0.390243
 3.87931 2.51724 0.359815
 3.96552 2.51724 0.332795
 4.05172 2.51724 0.308881
 4.13793 2.51724 0.287794
 4.22414 2.51724 0.269274
 4.31034 2.51724 0.253079
 4.39655 2.51724 0.238982
 4.48276 2.51724 0.226771
 4.56897 2.51724 0.216244
 4.65517 2.51724 0.207214
 4.74138 2.51724 0.199504
 4.82759 2.51724 0.192953
 4.91379 2.51724 0.187411
 5 2.51724 0.182741
 2.5 2.58621 1.58556
 2.58621 2.58621 1.43729
 2.67241 2.58621 1.30318
 2.75862 2.58621 1.18192
 2.84483 2.58621 1.0723
 2.93103 2.58621 0.973257
 3.01724 2.58621 0.883799
 3.10345 2.58621 0.803045
 3.18966 2.58621 0.730196
 3.27586 2.58621 0.664531
 3.36207 2.58621 0.605397
 3.44828 2.58621 0.552204
 3.53448 2.58621 0.50442
 3.62069 2.58621 0.461562
 3.7069 2.58621 0.423194
 3.7931 2.58621 0.38892
 3.87931 2.58621 0.358379
 3.96552 2.58621 0.331242
 4.05172 2.58621 0.307208
 4.13793 2.58621 0.285997
 4.22414 2.58621 0.267353
 4.31034 2.58621 0.251034
 4.39655 2.58621 0.236816
 4.48276 2.58621 0.224486
 4.56897 2.58621 0.213847
 4.65517 2.58621 0.204711
 4.74138 2.58621 0.196903
 4.82759 2.58621 0.190263
 4.91379 2.58621 0.18464
 5 2.58621 0.179898
 2.5 2.65517 1.58528
 2.58621 2.65517 1.43698
 2.67241 2.65517 1.30284
 2.75862 2.65517 1.18155
 2.84483 2.65517 1.07189
 2.93103 2.65517 0.972805
 3.01724 2.65517 0.883301
 3.10345 2.65517 0.802497
 3.18966 2.65517 0.729594
 3.27586 2.65517 0.663869
 3.36207 2.65517 0.60467
 3.44828 2.65517 0.551407
 3.53448 2.65517 0.503547
 3.62069 2.65517 0.460608
 3.7069 2.65517 0.422154
 3.7931 2.65517 0.387788
 3.87931 2.65517 0.35715
 3.96552 2.65517 0.329912
 4.05172 2.65517 0.305773
 4.13793 2.65517 0.284455
 4.22414 2.65517 0.265703
 4.31034 2.65517 0.249276
 4.39655 2.65517 0.234951
 4.48276 2.65517 0.222518
 4.56897 2.65517 0.21178
 4.65517 2.65517 0.202551
 4.74138 2.65517 0.194657
 4.82759 2.65517 0.187937
 4.91379 2.65517 0.182242
 5 2.65517 0.177436
 2.5 2.72414 1.58504
 2.58621 2.72414 1.43672
 2.67241 2.72414 1.30255
 2.75862 2.72414 1.18123
 2.84483 2.72414 1.07154
 2.93103 2.72414 0.972419
 3.01724 2.72414 0.882876
 3.10345 2.72414 0.802029
 3.18966 2.72414 0.729079
 3.27586 2.72414 0.663303
 3.36207 2.72414 0.604049
 3.44828 2.72414 0.550726
 3.53448 2.72414 0.502801
 3.62069 2.72414 0.459793
 3.7069 2.72414 0.421264
 3.7931 2.72414 0.386819
 3.87931 2.72414 0.356098
 3.96552 2.72414 0.328772
 4.05172 2.72414 0.304543
 4.13793 2.72414 0.283133
 4.22414 2.72414 0.264287
 4.31034 2.72414 0.247766
 4.39655 2.72414 0.233348
 4.48276 2.72414 0.220826
 4.56897 2.72414 0.210001
 4.65517 2.72414 0.20069
 4.74138 2.72414 0.19272
 4.82759 2.72414 0.18593
 4.91379 2.72414 0.180171
 5 2.72414 0.175309
 2.5 2.7931 1.58484
 2.58621 2.7931 1.4365
 2.67241 2.7931 1.30231
 2.75862 2.7931 1.18096
 2.84483 2.7931 1.07124
 2.93103 2.7931 0.97209
 3.01724 2.7931 0.882514
 3.10345 2.7931 0.80163
 3.18966 2.7931 0.72864
 3.27586 2.7931 0.66282
 3.36207 2.7931 0.603519
 3.44828 2.7931 0.550144
 3.53448 2.7931 0.502164
 3.62069 2.7931 0.459096
 3.7069 2.7931 0.420503
 3.7931 2.7931 0.38599
 3.87931 2.7931 0.355197
 3.96552 2.7931 0.327797
 4.05172 2.7931 0.30349
 4.13793 2.7931 0.282
 4.22414 2.7931 0.263072
 4.31034 2.7931 0.24647
 4.39655 2.7931 0.231972
 4.48276 2.7931 0.219371
 4.56897 2.7931 0.208471
 4.65517 2.7931 0.199088
 4.74138 2.7931 0.191051
 4.82759 2.7931 0.1842
 4.91379 2.7931 0.178386
 5 2.7931 0.173473
 2.5 2.86207 1.58467
 2.58621 2.86207 1.43631
 2.67241 2.86207 1.3021
 2.75862 2.86207 1.18073
 2.84483 2.86207 1.07099
 2.93103 2.86207 0.971809
 3.01724 2.86207 0.882204
 3.10345 2.86207 0.801289
 3.18966 2.86207 0.728265
 3.27586 2.86207 0.662408
 3.36207 2.86207 0.603066
 3.44828 2.86207 0.549648
 3.53448 2.86207 0.50162
 3.62069 2.86207 0.458501
 3.7069 2.86207 0.419853
 3.7931 2.86207 0.385282
 3.87931 2.86207 0.354428
 3.96552 2.86207 0.326963
 4.05172 2.86207 0.302589
 4.13793 2.86207 0.28103
 4.22414 2.86207 0.262032
 4.31034 2.86207 0.24536
 4.39655 2.86207 0.230792
 4.48276 2.86207 0.218122
 4.56897 2.86207 0.207156
 4.65517 2.86207 0.197711
 4.74138 2.86207 0.189616
 4.82759 2.86207 0.182711
 4.91379 2.86207 0.176848
 5 2.86207 0.171891
 2.5 2.93103 1.58452
 2.58621 2.93103 1.43614
 2.67241 2.93103 1.30192
 2.75862 2.93103 1.18053
 2.84483 2.93103 1.07077
 2.93103 2.93103 0.971569
 3.01724 2.93103 0.88194
 3.10345 2.93103 0.800998
 3.18966 2.93103 0.727945
 3.27586 2.93103 0.662056
 3.36207 2.93103 0.602679
 3.44828 2.93103 0.549223
 3.53448 2.93103 0.501155
 3.62069 2.93103 0.457992
 3.7069 2.93103 0.419298
 3.7931 2.93103 0.384677
 3.87931 2.93103 0.35377
 3.96552 2.93103 0.326249
 4.05172 2.93103 0.301818
 4.13793 2.93103 0.280199
 4.22414 2.93103 0.261141
 4.31034 2.93103 0.244408
 4.39655 2.93103 0.22978
 4.48276 2.93103 0.217051
 4.56897 2.93103 0.206028
 4.65517 2.93103 0.196529
 4.74138 2.93103 0.188383
 4.82759 2.93103 0.181431
 4.91379 2.93103 0.175525
 5 2.93103 0.17053
 2.5 3 1.5844
 2.58621 3 1.436
 2.67241 3 1.30177
 2.75862 3 1.18036
 2.84483 3 1.07059
 2.93103 3 0.971365
 3.01724 3 0.881714
 3.10345 3 0.80075
 3.18966 3 0.727672
 3.27586 3 0.661756
 3.36207 3 0.602349
 3.44828 3 0.548861
 3.53448 3 0.500758
 3.62069 3 0.457558
 3.7069 3 0.418823
 3.7931 3 0.384159
 3.87931 3 0.353207
 3.96552 3 0.32564
 4.05172 3 0.301158
 4.13793 3 0.279489
 4.22414 3 0.260379
 4.31034 3 0.243593
 4.39655 3 0.228913
 4.48276 3 0.216133
 4.56897 3 0.205061
 4.65517 3 0.195515
 4.74138 3 0.187325
 4.82759 3 0.180332
 4.91379 3 0.174389
 5 3 0.16936
