 n s05 s2 s10 s25 s30
 2 0.257028 0.279322 0.435275 1 1.31951
 3 0.130308 0.147624 0.287175 1 1.51572
 4 0.0660636 0.0780207 0.189465 1 1.7411
 5 0.0334929 0.0412346 0.125 1 2
 6 0.0169802 0.0217929 0.0824692 1 2.2974
 7 0.00860863 0.0115177 0.0544094 1 2.63902
 8 0.0043644 0.00608722 0.0358968 1 3.03143
 9 0.00221266 0.00321715 0.0236831 1 3.4822
 10 0.00112178 0.00170029 0.015625 1 4
 11 0.000568718 0.000898621 0.0103087 1 4.59479
 12 0.000288328 0.000474929 0.00680118 1 5.27803
 13 0.000146177 0.000251004 0.0044871 1 6.06287
 14 7.41086e-05 0.000132658 0.00296038 1 6.9644
 15 3.75715e-05 7.0111e-05 0.00195312 1 8
 16 1.9048e-05 3.70543e-05 0.00128858 1 9.18959
 17 9.65696e-06 1.95835e-05 0.000850147 1 10.5561
 18 4.89588e-06 1.03501e-05 0.000560888 1 12.1257
 19 2.48211e-06 5.47011e-06 0.000370048 1 13.9288
 20 1.25838e-06 2.891e-06 0.000244141 1 16
 21 6.37974e-07 1.52792e-06 0.000161073 1 18.3792
 22 3.2344e-07 8.07519e-07 0.000106268 1 21.1121
 23 1.63977e-07 4.26781e-07 7.0111e-05 1 24.2515
 24 8.31332e-08 2.25558e-07 4.6256e-05 1 27.8576
 25 4.21468e-08 1.19209e-07 3.05176e-05 1 32
 26 2.13676e-08 6.30032e-08 2.01341e-05 1 36.7583
 27 1.08329e-08 3.32978e-08 1.32835e-05 1 42.2243
 28 5.49208e-09 1.75982e-08 8.76387e-06 1 48.5029
 29 2.78437e-09 9.30079e-09 5.782e-06 1 55.7152
 30 1.41162e-09 4.91555e-09 3.8147e-06 1 64
