 T man std
 253.15 0.879055 0.00176605
 253.452 0.880329 0.0020225
 253.753 0.881601 0.00230909
 254.055 0.882872 0.00262848
 254.356 0.884141 0.00298347
 254.658 0.88541 0.00337703
 254.959 0.886677 0.00381225
 255.261 0.887943 0.00429238
 255.562 0.889208 0.00482085
 255.864 0.890472 0.0054012
 256.165 0.891734 0.00603715
 256.467 0.892996 0.00673256
 256.768 0.894256 0.00749143
 257.07 0.895515 0.00831792
 257.371 0.896773 0.00921635
 257.673 0.898029 0.0101912
 257.974 0.899285 0.0112469
 258.276 0.900539 0.0123884
 258.577 0.901792 0.0136205
 258.879 0.903044 0.0149482
 259.18 0.904295 0.0163766
 259.482 0.905544 0.017911
 259.783 0.906793 0.0195568
 260.085 0.90804 0.0213195
 260.386 0.909286 0.0232047
 260.688 0.910531 0.0252182
 260.989 0.911774 0.0273659
 261.291 0.913017 0.0296536
 261.592 0.914258 0.0320875
 261.894 0.915498 0.0346736
 262.195 0.916737 0.0374183
 262.497 0.917975 0.0403279
 262.798 0.919211 0.0434087
 263.1 0.920447 0.0466672
 263.401 0.921681 0.0501099
 263.703 0.922914 0.0537436
 264.004 0.924146 0.0575748
 264.306 0.925377 0.0616102
 264.607 0.926606 0.0658567
 264.909 0.927835 0.070321
 265.21 0.929062 0.0750099
 265.512 0.930288 0.0799305
 265.813 0.931513 0.0850894
 266.115 0.932737 0.0904938
 266.416 0.933959 0.0961505
 266.718 0.93518 0.102067
 267.019 0.936401 0.108249
 267.321 0.93762 0.114704
 267.622 0.938838 0.12144
 267.924 0.940054 0.128463
 268.225 0.94127 0.135779
 268.527 0.942484 0.143397
 268.828 0.943697 0.151323
 269.13 0.94491 0.159563
 269.431 0.94612 0.168125
 269.733 0.94733 0.177016
 270.034 0.948539 0.186242
 270.336 0.949746 0.195809
 270.637 0.950952 0.205725
 270.939 0.952158 0.215997
 271.24 0.953361 0.22663
 271.542 0.954564 0.237632
 271.843 0.955766 0.249008
 272.145 0.956966 0.260766
 272.446 0.958166 0.272912
 272.748 0.959364 0.285451
 273.049 0.960561 0.29839
 273.351 0.961757 0.311735
 273.653 0.962951 0.325493
 273.954 0.964145 0.339669
 274.256 0.965337 0.354269
 274.557 0.966529 0.369299
 274.859 0.967719 0.384764
 275.16 0.968908 0.400671
 275.462 0.970096 0.417024
 275.763 0.971282 0.43383
 276.065 0.972468 0.451093
 276.366 0.973652 0.468819
 276.668 0.974835 0.487013
 276.969 0.976018 0.50568
 277.271 0.977198 0.524825
 277.572 0.978378 0.544453
 277.874 0.979557 0.564569
 278.175 0.980734 0.585177
 278.477 0.981911 0.606282
 278.778 0.983086 0.627889
 279.08 0.98426 0.650001
 279.381 0.985433 0.672623
 279.683 0.986605 0.695759
 279.984 0.987776 0.719414
 280.286 0.988945 0.743591
 280.587 0.990114 0.768293
 280.889 0.991281 0.793526
 281.19 0.992447 0.819291
 281.492 0.993612 0.845594
 281.793 0.994776 0.872436
 282.095 0.995939 0.899823
 282.396 0.997101 0.927756
 282.698 0.998261 0.956238
 282.999 0.999421 0.985274
 283.301 1.00058 1.01487
 283.602 1.00174 1.04502
 283.904 1.00289 1.07573
 284.205 1.00405 1.107
 284.507 1.0052 1.13884
 284.808 1.00635 1.17125
 285.11 1.00751 1.20423
 285.411 1.00866 1.23778
 285.713 1.0098 1.27191
 286.014 1.01095 1.30662
 286.316 1.0121 1.3419
 286.617 1.01325 1.37777
 286.919 1.01439 1.41421
 287.22 1.01553 1.45124
 287.522 1.01668 1.48886
 287.823 1.01782 1.52706
 288.125 1.01896 1.56585
 288.426 1.0201 1.60523
 288.728 1.02124 1.64521
 289.029 1.02237 1.68577
 289.331 1.02351 1.72692
 289.632 1.02464 1.76867
 289.934 1.02578 1.81101
 290.235 1.02691 1.85394
 290.537 1.02804 1.89747
 290.838 1.02917 1.9416
 291.14 1.0303 1.98632
 291.441 1.03143 2.03164
 291.743 1.03256 2.07755
 292.044 1.03368 2.12407
 292.346 1.03481 2.17117
 292.647 1.03593 2.21888
 292.949 1.03706 2.26718
 293.251 1.03818 2.31608
 293.552 1.0393 2.36557
 293.854 1.04042 2.41566
 294.155 1.04154 2.46635
 294.457 1.04265 2.51763
 294.758 1.04377 2.5695
 295.06 1.04488 2.62197
 295.361 1.046 2.67504
 295.663 1.04711 2.72869
 295.964 1.04822 2.78294
 296.266 1.04933 2.83778
 296.567 1.05044 2.89321
 296.869 1.05155 2.94923
 297.17 1.05266 3.00584
 297.472 1.05377 3.06303
 297.773 1.05487 3.12081
 298.075 1.05597 3.17918
 298.376 1.05708 3.23813
 298.678 1.05818 3.29766
 298.979 1.05928 3.35777
 299.281 1.06038 3.41846
 299.582 1.06148 3.47973
 299.884 1.06258 3.54158
 300.185 1.06367 3.604
 300.487 1.06477 3.667
 300.788 1.06586 3.73057
 301.09 1.06696 3.7947
 301.391 1.06805 3.85941
 301.693 1.06914 3.92468
 301.994 1.07023 3.99052
 302.296 1.07132 4.05692
 302.597 1.07241 4.12388
 302.899 1.0735 4.1914
 303.2 1.07458 4.25948
 303.502 1.07567 4.32811
 303.803 1.07675 4.3973
 304.105 1.07783 4.46704
 304.406 1.07892 4.53732
 304.708 1.08 4.60816
 305.009 1.08108 4.67953
 305.311 1.08216 4.75145
 305.612 1.08323 4.82391
 305.914 1.08431 4.89691
 306.215 1.08538 4.97044
 306.517 1.08646 5.04451
 306.818 1.08753 5.1191
 307.12 1.0886 5.19423
 307.421 1.08968 5.26988
 307.723 1.09075 5.34605
 308.024 1.09182 5.42275
 308.326 1.09288 5.49996
 308.627 1.09395 5.57769
 308.929 1.09502 5.65593
 309.23 1.09608 5.73468
 309.532 1.09715 5.81394
 309.833 1.09821 5.89371
 310.135 1.09927 5.97398
 310.436 1.10033 6.05475
 310.738 1.10139 6.13602
 311.039 1.10245 6.21778
 311.341 1.10351 6.30003
 311.642 1.10456 6.38278
 311.944 1.10562 6.46601
 312.245 1.10667 6.54973
 312.547 1.10773 6.63392
 312.848 1.10878 6.7186
 313.15 1.10983 6.80375
