 k raw lin quad
 0.001 0.0110937 0.0174689 0.0252399
 0.00110249 0.0111034 0.0174689 0.0252399
 0.00121547 0.0111151 0.0174689 0.0252399
 0.00134004 0.0111294 0.0174689 0.0252399
 0.00147738 0.0111467 0.0174689 0.0252399
 0.00162879 0.0111678 0.0174689 0.0252399
 0.00179571 0.0111933 0.0174689 0.0252399
 0.00197975 0.0112242 0.0174689 0.0252399
 0.00218264 0.0112616 0.0174689 0.0252399
 0.00240633 0.0113069 0.0174689 0.0252399
 0.00265295 0.0113618 0.0174689 0.0252399
 0.00292484 0.011428 0.0174689 0.0252399
 0.00322459 0.011508 0.0174689 0.0252399
 0.00355506 0.0116045 0.0174689 0.0252399
 0.00391941 0.0117206 0.0174689 0.0252399
 0.00432109 0.0118601 0.0174689 0.0252399
 0.00476394 0.0120274 0.0174689 0.0252399
 0.00525217 0.0122275 0.0174689 0.0252399
 0.00579044 0.0124662 0.0174689 0.0252399
 0.00638388 0.0127501 0.017469 0.0252399
 0.00703814 0.0130866 0.017469 0.0252399
 0.00775944 0.0134838 0.0174691 0.0252399
 0.00855467 0.013951 0.0174692 0.0252399
 0.0094314 0.0144978 0.0174693 0.0252399
 0.010398 0.0151351 0.0174696 0.0252399
 0.0114636 0.0158741 0.0174699 0.0252399
 0.0126385 0.0167272 0.0174704 0.0252399
 0.0139337 0.017707 0.0174712 0.0252399
 0.0153617 0.0188271 0.0174723 0.0252399
 0.0169361 0.020102 0.0174739 0.0252399
 0.0186718 0.0215469 0.0174763 0.0252399
 0.0205854 0.0231778 0.0174798 0.0252399
 0.0226951 0.025012 0.0174849 0.02524
 0.025021 0.0270681 0.0174925 0.02524
 0.0275853 0.029366 0.0175035 0.02524
 0.0304124 0.0319272 0.0175196 0.02524
 0.0335292 0.0347752 0.0175432 0.0252401
 0.0369655 0.0379352 0.0175775 0.0252402
 0.0407539 0.0414349 0.0176276 0.0252404
 0.0449306 0.0453041 0.0177003 0.0252408
 0.0495354 0.0495753 0.0178057 0.0252414
 0.054612 0.0542838 0.0179578 0.0252425
 0.0602089 0.0594676 0.0181763 0.0252444
 0.0663795 0.0651677 0.0184884 0.0252478
 0.0731824 0.0714284 0.0189306 0.0252537
 0.0806826 0.078297 0.019551 0.0252638
 0.0889513 0.0858241 0.0204112 0.0252812
 0.0980676 0.0940635 0.0215865 0.0253112
 0.108118 0.103072 0.0231656 0.0253623
 0.119199 0.11291 0.0252491 0.0254489
 0.131415 0.123641 0.0279463 0.0255949
 0.144883 0.135328 0.0313738 0.0258387
 0.159731 0.14804 0.0356546 0.0262411
 0.176101 0.161845 0.0409188 0.0268956
 0.194149 0.176811 0.0473058 0.0279404
 0.214047 0.193006 0.0549663 0.0295675
 0.235983 0.210496 0.0640635 0.0320264
 0.260168 0.229344 0.0747737 0.0356144
 0.286832 0.249607 0.0872852 0.0406587
 0.316228 0.271332 0.101795 0.0474967
