 n cl q1 q10 q100 p1 p10
 10 100 72.8141 728.141 7281.41 230.259 2302.59
 11.2332 126.186 81.0712 810.712 8107.12 271.718 2717.18
 12.6186 159.228 90.0559 900.559 9005.59 319.902 3199.02
 14.1747 200.923 99.8258 998.258 9982.58 375.838 3758.38
 15.9228 253.536 110.443 1104.43 11044.3 440.705 4407.05
 17.8865 319.927 121.973 1219.73 12197.3 515.855 5158.55
 20.0923 403.702 134.489 1344.89 13448.9 602.838 6028.38
 22.5702 509.414 148.065 1480.65 14806.5 703.43 7034.3
 25.3536 642.807 162.785 1627.85 16278.5 819.664 8196.64
 28.4804 811.131 178.738 1787.38 17873.8 953.868 9538.68
 31.9927 1023.53 196.016 1960.16 19601.6 1108.71 11087.1
 35.9381 1291.55 214.723 2147.23 21472.3 1287.23 12872.3
 40.3702 1629.75 234.968 2349.68 23496.8 1492.93 14929.3
 45.3488 2056.51 256.866 2568.66 25686.6 1729.78 17297.8
 50.9414 2595.02 280.545 2805.45 28054.5 2002.34 20023.4
 57.2237 3274.55 306.138 3061.38 30613.8 2315.82 23158.2
 64.2807 4132.01 333.79 3337.9 33379 2676.17 26761.7
 72.2081 5214.01 363.656 3636.56 36365.6 3090.18 30901.8
 81.1131 6579.33 395.902 3959.02 39590.2 3565.6 35656
 91.1163 8302.18 430.705 4307.05 43070.5 4111.29 41112.9
 102.353 10476.2 468.257 4682.57 46825.7 4737.34 47373.4
 114.976 13219.4 508.761 5087.61 50876.1 5455.28 54552.8
 129.155 16681 552.436 5524.36 55243.6 6278.24 62782.4
 145.083 21049 599.518 5995.18 59951.8 7221.22 72212.2
 162.975 26560.9 650.257 6502.57 65025.7 8301.29 83012.9
 183.074 33516 704.923 7049.23 70492.3 9537.94 95379.4
 205.651 42292.4 763.803 7638.03 76380.3 10953.4 109534
 231.013 53367 827.208 8272.08 82720.8 12572.8 125728
 259.502 67341.5 895.466 8954.66 89546.6 14425.1 144251
 291.505 84975.3 968.933 9689.33 96893.3 16543.1 165431
 327.455 107227 1047.99 10479.9 104799 18964.1 189641
 367.838 135305 1133.03 11330.3 113303 21730.6 217306
 413.201 170735 1224.51 12245.1 122451 24891 248910
 464.159 215443 1322.87 13228.7 132287 28500.4 285004
 521.401 271859 1428.63 14286.3 142863 32621.5 326215
 585.702 343047 1542.3 15423 154230 37325.7 373257
 657.933 432876 1664.47 16644.7 166447 42694 426940
 739.072 546228 1795.74 17957.4 179574 48818.6 488186
 830.218 689261 1936.75 19367.5 193675 55804.6 558046
 932.603 869749 2088.22 20882.2 208822 63771.2 637712
 1047.62 1.0975e+06 2250.88 22508.8 225088 72854.1 728541
 1176.81 1.38489e+06 2425.54 24255.4 242554 83207.2 832072
 1321.94 1.74753e+06 2613.03 26130.3 261303 95006 950060
 1484.97 2.20513e+06 2814.29 28142.9 281429 108449 1.08449e+06
 1668.1 2.78256e+06 3030.28 30302.8 303028 123764 1.23764e+06
 1873.82 3.51119e+06 3262.04 32620.4 326204 141206 1.41206e+06
 2104.9 4.43062e+06 3510.69 35106.9 351069 161068 1.61068e+06
 2364.49 5.59081e+06 3777.42 37774.2 377742 183681 1.83681e+06
 2656.09 7.0548e+06 4063.51 40635.1 406351 209422 2.09422e+06
 2983.65 8.90215e+06 4370.31 43703.1 437031 238719 2.38719e+06
 3351.6 1.12332e+07 4699.29 46992.9 469929 272056 2.72056e+06
 3764.94 1.41747e+07 5051.99 50519.9 505199 309985 3.09985e+06
 4229.24 1.78865e+07 5430.08 54300.8 543008 353132 3.53132e+06
 4750.81 2.25702e+07 5835.33 58353.3 583533 402207 4.02207e+06
 5336.7 2.84804e+07 6269.65 62696.5 626965 458015 4.58015e+06
 5994.84 3.59381e+07 6735.05 67350.5 673505 521471 5.21471e+06
 6734.15 4.53488e+07 7233.71 72337.1 723371 593612 5.93612e+06
 7564.63 5.72237e+07 7767.94 77679.4 776794 675615 6.75615e+06
 8497.53 7.22081e+07 8340.2 83402 834020 768817 7.68817e+06
 9545.48 9.11163e+07 8953.15 89531.5 895315 874731 8.74731e+06
 10722.7 1.14976e+08 9609.59 96095.9 960959 995076 9.95076e+06
 12045 1.45083e+08 10312.5 103125 1.03125e+06 1.1318e+06 1.1318e+07
 13530.5 1.83074e+08 11065.2 110652 1.10652e+06 1.28711e+06 1.28711e+07
 15199.1 2.31013e+08 11871.1 118711 1.18711e+06 1.46352e+06 1.46352e+07
 17073.5 2.91505e+08 12733.7 127337 1.27337e+06 1.66386e+06 1.66386e+07
 19179.1 3.67838e+08 13657.2 136572 1.36572e+06 1.89136e+06 1.89136e+07
 21544.3 4.64159e+08 14645.5 146455 1.46455e+06 2.14967e+06 2.14967e+07
 24201.3 5.85702e+08 15703.2 157032 1.57032e+06 2.44292e+06 2.44292e+07
 27185.9 7.39072e+08 16835.1 168351 1.68351e+06 2.7758e+06 2.7758e+07
 30538.6 9.32603e+08 18046.3 180463 1.80463e+06 3.15364e+06 3.15364e+07
 34304.7 1.17681e+09 19342.1 193421 1.93421e+06 3.58245e+06 3.58245e+07
 38535.3 1.48497e+09 20728.4 207284 2.07284e+06 4.06907e+06 4.06907e+07
 43287.6 1.87382e+09 22211.4 222114 2.22114e+06 4.62122e+06 4.62122e+07
 48626 2.36449e+09 23797.6 237976 2.37976e+06 5.24768e+06 5.24768e+07
 54622.8 2.98365e+09 25494.1 254941 2.54941e+06 5.95836e+06 5.95836e+07
 61359.1 3.76494e+09 27308.5 273085 2.73085e+06 6.76453e+06 6.76453e+07
 68926.1 4.75081e+09 29248.8 292488 2.92488e+06 7.67891e+06 7.67891e+07
 77426.4 5.99484e+09 31323.5 313235 3.13235e+06 8.71595e+06 8.71595e+07
 86974.9 7.56463e+09 33541.8 335418 3.35418e+06 9.89198e+06 9.89198e+07
 97701 9.54548e+09 35913.4 359134 3.59134e+06 1.12255e+07 1.12255e+08
 109750 1.2045e+10 38448.8 384488 3.84488e+06 1.27375e+07 1.27375e+08
 123285 1.51991e+10 41159.1 411591 4.11591e+06 1.44517e+07 1.44517e+08
 138489 1.91791e+10 44056 440560 4.4056e+06 1.6395e+07 1.6395e+08
 155568 2.42013e+10 47152.3 471523 4.71523e+06 1.85979e+07 1.85979e+08
 174753 3.05386e+10 50461.5 504615 5.04615e+06 2.10946e+07 2.10946e+08
 196304 3.85353e+10 53997.8 539978 5.39978e+06 2.39244e+07 2.39244e+08
 220513 4.8626e+10 57776.8 577768 5.77768e+06 2.71313e+07 2.71313e+08
 247708 6.13591e+10 61814.7 618147 6.18147e+06 3.07653e+07 3.07653e+08
 278256 7.74264e+10 66128.9 661289 6.61289e+06 3.4883e+07 3.4883e+08
 312572 9.7701e+10 70738.2 707382 7.07382e+06 3.95484e+07 3.95484e+08
 351119 1.23285e+11 75662.4 756624 7.56624e+06 4.4834e+07 4.4834e+08
 394421 1.55568e+11 80922.6 809226 8.09226e+06 5.08218e+07 5.08218e+08
 443062 1.96304e+11 86541.5 865415 8.65415e+06 5.76046e+07 5.76046e+08
 497702 2.47708e+11 92543.2 925432 9.25432e+06 6.52874e+07 6.52874e+08
 559081 3.12572e+11 98953.3 989533 9.89533e+06 7.39891e+07 7.39891e+08
 628029 3.94421e+11 105799 1.05799e+06 1.05799e+07 8.3844e+07 8.3844e+08
 705480 4.97702e+11 113110 1.1311e+06 1.1311e+07 9.50044e+07 9.50044e+08
 792483 6.28029e+11 120917 1.20917e+06 1.20917e+07 1.07642e+08 1.07642e+09
 890215 7.92483e+11 129254 1.29254e+06 1.29254e+07 1.21953e+08 1.21953e+09
 1e+06 1e+12 138155 1.38155e+06 1.38155e+07 1.38155e+08 1.38155e+09
