 n pw ex
 5 11.851 7.9649
 5.21212 11.0786 7.76058
 5.42424 10.3844 7.56151
 5.63636 9.75794 7.36754
 5.84848 9.19035 7.17855
 6.06061 8.67428 6.99441
 6.27273 8.20348 6.81499
 6.48485 7.77264 6.64017
 6.69697 7.37724 6.46983
 6.90909 7.01335 6.30387
 7.12121 6.67763 6.14216
 7.33333 6.36713 5.9846
 7.54545 6.07933 5.83109
 7.75758 5.81198 5.68151
 7.9697 5.56313 5.53577
 8.18182 5.33106 5.39376
 8.39394 5.11425 5.2554
 8.60606 4.91135 5.12059
 8.81818 4.72114 4.98924
 9.0303 4.54257 4.86125
 9.24242 4.37466 4.73655
 9.45455 4.21656 4.61505
 9.66667 4.0675 4.49667
 9.87879 3.92677 4.38132
 10.0909 3.79375 4.26893
 10.303 3.66786 4.15942
 10.5152 3.54859 4.05272
 10.7273 3.43547 3.94876
 10.9394 3.32806 3.84747
 11.1515 3.22598 3.74877
 11.3636 3.12887 3.65261
 11.5758 3.0364 3.55891
 11.7879 2.94826 3.46762
 12 2.86419 3.37867
 12.2121 2.78392 3.292
 12.4242 2.70723 3.20755
 12.6364 2.6339 3.12527
 12.8485 2.56372 3.0451
 13.0606 2.49652 2.96699
 13.2727 2.43212 2.89088
 13.4848 2.37037 2.81672
 13.697 2.31111 2.74447
 13.9091 2.25421 2.67407
 14.1212 2.19954 2.60547
 14.3333 2.14698 2.53864
 14.5455 2.09642 2.47352
 14.7576 2.04776 2.41007
 14.9697 2.0009 2.34824
 15.1818 1.95574 2.28801
 15.3939 1.91222 2.22931
 15.6061 1.87023 2.17213
 15.8182 1.82972 2.11641
 16.0303 1.79061 2.06212
 16.2424 1.75283 2.00922
 16.4545 1.71632 1.95768
 16.6667 1.68103 1.90746
 16.8788 1.64689 1.85853
 17.0909 1.61386 1.81086
 17.303 1.58189 1.7644
 17.5152 1.55093 1.71914
 17.7273 1.52094 1.67504
 17.9394 1.49188 1.63208
 18.1515 1.4637 1.59021
 18.3636 1.43637 1.54942
 18.5758 1.40986 1.50967
 18.7879 1.38413 1.47095
 19 1.35915 1.43321
 19.2121 1.33489 1.39645
 19.4242 1.31132 1.36063
 19.6364 1.28842 1.32572
 19.8485 1.26616 1.29172
 20.0606 1.24452 1.25858
 20.2727 1.22346 1.2263
 20.4848 1.20298 1.19484
 20.697 1.18304 1.16419
 20.9091 1.16363 1.13433
 21.1212 1.14474 1.10523
 21.3333 1.12633 1.07688
 21.5455 1.1084 1.04925
 21.7576 1.09092 1.02234
 21.9697 1.07389 0.996113
 22.1818 1.05728 0.97056
 22.3939 1.04108 0.945664
 22.6061 1.02528 0.921405
 22.8182 1.00986 0.89777
 23.0303 0.994819 0.87474
 23.2424 0.980133 0.852301
 23.4545 0.965795 0.830438
 23.6667 0.951792 0.809136
 23.8788 0.938115 0.78838
 24.0909 0.924752 0.768156
 24.303 0.911695 0.748451
 24.5152 0.898933 0.729252
 24.7273 0.886458 0.710545
 24.9394 0.87426 0.692318
 25.1515 0.86233 0.674559
 25.3636 0.850662 0.657255
 25.5758 0.839247 0.640395
 25.7879 0.828078 0.623968
 26 0.817147 0.607962
