 g l z
 0.005 0.005 0.0025
 0.0117241 0.005 0.0025
 0.0184483 0.005 0.0025
 0.0251724 0.005 0.0025
 0.0318966 0.005 0.0025
 0.0386207 0.005 0.0025
 0.0453448 0.005 0.0025
 0.052069 0.005 0.0025
 0.0587931 0.005 0.0025
 0.0655172 0.005 0.0025
 0.0722414 0.005 0.0025
 0.0789655 0.005 0.0025
 0.0856897 0.005 0.0025
 0.0924138 0.005 0.0025
 0.0991379 0.005 0.0025
 0.105862 0.005 0.0025
 0.112586 0.005 0.0025
 0.11931 0.005 0.0025
 0.126034 0.005 0.0025
 0.132759 0.005 0.0025
 0.139483 0.005 0.0025
 0.146207 0.005 0.0025
 0.152931 0.005 0.0025
 0.159655 0.005 0.0025
 0.166379 0.005 0.0025
 0.173103 0.005 0.0025
 0.179828 0.005 0.0025
 0.186552 0.005 0.0025
 0.193276 0.005 0.0025
 0.2 0.005 0.0025
 0.005 0.0151724 0.0025
 0.0117241 0.0151724 0.00586207
 0.0184483 0.0151724 0.00758621
 0.0251724 0.0151724 0.00758621
 0.0318966 0.0151724 0.00758621
 0.0386207 0.0151724 0.00758621
 0.0453448 0.0151724 0.00758621
 0.052069 0.0151724 0.00758621
 0.0587931 0.0151724 0.00758621
 0.0655172 0.0151724 0.00758621
 0.0722414 0.0151724 0.00758621
 0.0789655 0.0151724 0.00758621
 0.0856897 0.0151724 0.00758621
 0.0924138 0.0151724 0.00758621
 0.0991379 0.0151724 0.00758621
 0.105862 0.0151724 0.00758621
 0.112586 0.0151724 0.00758621
 0.11931 0.0151724 0.00758621
 0.126034 0.0151724 0.00758621
 0.132759 0.0151724 0.00758621
 0.139483 0.0151724 0.00758621
 0.146207 0.0151724 0.00758621
 0.152931 0.0151724 0.00758621
 0.159655 0.0151724 0.00758621
 0.166379 0.0151724 0.00758621
 0.173103 0.0151724 0.00758621
 0.179828 0.0151724 0.00758621
 0.186552 0.0151724 0.00758621
 0.193276 0.0151724 0.00758621
 0.2 0.0151724 0.00758621
 0.005 0.0253448 0.0025
 0.0117241 0.0253448 0.00586207
 0.0184483 0.0253448 0.00922414
 0.0251724 0.0253448 0.0125862
 0.0318966 0.0253448 0.0126724
 0.0386207 0.0253448 0.0126724
 0.0453448 0.0253448 0.0126724
 0.052069 0.0253448 0.0126724
 0.0587931 0.0253448 0.0126724
 0.0655172 0.0253448 0.0126724
 0.0722414 0.0253448 0.0126724
 0.0789655 0.0253448 0.0126724
 0.0856897 0.0253448 0.0126724
 0.0924138 0.0253448 0.0126724
 0.0991379 0.0253448 0.0126724
 0.105862 0.0253448 0.0126724
 0.112586 0.0253448 0.0126724
 0.11931 0.0253448 0.0126724
 0.126034 0.0253448 0.0126724
 0.132759 0.0253448 0.0126724
 0.139483 0.0253448 0.0126724
 0.146207 0.0253448 0.0126724
 0.152931 0.0253448 0.0126724
 0.159655 0.0253448 0.0126724
 0.166379 0.0253448 0.0126724
 0.173103 0.0253448 0.0126724
 0.179828 0.0253448 0.0126724
 0.186552 0.0253448 0.0126724
 0.193276 0.0253448 0.0126724
 0.2 0.0253448 0.0126724
 0.005 0.0355172 0.0025
 0.0117241 0.0355172 0.00586207
 0.0184483 0.0355172 0.00922414
 0.0251724 0.0355172 0.0125862
 0.0318966 0.0355172 0.0159483
 0.0386207 0.0355172 0.0177586
 0.0453448 0.0355172 0.0177586
 0.052069 0.0355172 0.0177586
 0.0587931 0.0355172 0.0177586
 0.0655172 0.0355172 0.0177586
 0.0722414 0.0355172 0.0177586
 0.0789655 0.0355172 0.0177586
 0.0856897 0.0355172 0.0177586
 0.0924138 0.0355172 0.0177586
 0.0991379 0.0355172 0.0177586
 0.105862 0.0355172 0.0177586
 0.112586 0.0355172 0.0177586
 0.11931 0.0355172 0.0177586
 0.126034 0.0355172 0.0177586
 0.132759 0.0355172 0.0177586
 0.139483 0.0355172 0.0177586
 0.146207 0.0355172 0.0177586
 0.152931 0.0355172 0.0177586
 0.159655 0.0355172 0.0177586
 0.166379 0.0355172 0.0177586
 0.173103 0.0355172 0.0177586
 0.179828 0.0355172 0.0177586
 0.186552 0.0355172 0.0177586
 0.193276 0.0355172 0.0177586
 0.2 0.0355172 0.0177586
 0.005 0.0456897 0.0025
 0.0117241 0.0456897 0.00586207
 0.0184483 0.0456897 0.00922414
 0.0251724 0.0456897 0.0125862
 0.0318966 0.0456897 0.0159483
 0.0386207 0.0456897 0.0193103
 0.0453448 0.0456897 0.0226724
 0.052069 0.0456897 0.0228448
 0.0587931 0.0456897 0.0228448
 0.0655172 0.0456897 0.0228448
 0.0722414 0.0456897 0.0228448
 0.0789655 0.0456897 0.0228448
 0.0856897 0.0456897 0.0228448
 0.0924138 0.0456897 0.0228448
 0.0991379 0.0456897 0.0228448
 0.105862 0.0456897 0.0228448
 0.112586 0.0456897 0.0228448
 0.11931 0.0456897 0.0228448
 0.126034 0.0456897 0.0228448
 0.132759 0.0456897 0.0228448
 0.139483 0.0456897 0.0228448
 0.146207 0.0456897 0.0228448
 0.152931 0.0456897 0.0228448
 0.159655 0.0456897 0.0228448
 0.166379 0.0456897 0.0228448
 0.173103 0.0456897 0.0228448
 0.179828 0.0456897 0.0228448
 0.186552 0.0456897 0.0228448
 0.193276 0.0456897 0.0228448
 0.2 0.0456897 0.0228448
 0.005 0.0558621 0.0025
 0.0117241 0.0558621 0.00586207
 0.0184483 0.0558621 0.00922414
 0.0251724 0.0558621 0.0125862
 0.0318966 0.0558621 0.0159483
 0.0386207 0.0558621 0.0193103
 0.0453448 0.0558621 0.0226724
 0.052069 0.0558621 0.0260345
 0.0587931 0.0558621 0.027931
 0.0655172 0.0558621 0.027931
 0.0722414 0.0558621 0.027931
 0.0789655 0.0558621 0.027931
 0.0856897 0.0558621 0.027931
 0.0924138 0.0558621 0.027931
 0.0991379 0.0558621 0.027931
 0.105862 0.0558621 0.027931
 0.112586 0.0558621 0.027931
 0.11931 0.0558621 0.027931
 0.126034 0.0558621 0.027931
 0.132759 0.0558621 0.027931
 0.139483 0.0558621 0.027931
 0.146207 0.0558621 0.027931
 0.152931 0.0558621 0.027931
 0.159655 0.0558621 0.027931
 0.166379 0.0558621 0.027931
 0.173103 0.0558621 0.027931
 0.179828 0.0558621 0.027931
 0.186552 0.0558621 0.027931
 0.193276 0.0558621 0.027931
 0.2 0.0558621 0.027931
 0.005 0.0660345 0.0025
 0.0117241 0.0660345 0.00586207
 0.0184483 0.0660345 0.00922414
 0.0251724 0.0660345 0.0125862
 0.0318966 0.0660345 0.0159483
 0.0386207 0.0660345 0.0193103
 0.0453448 0.0660345 0.0226724
 0.052069 0.0660345 0.0260345
 0.0587931 0.0660345 0.0293966
 0.0655172 0.0660345 0.0327586
 0.0722414 0.0660345 0.0330172
 0.0789655 0.0660345 0.0330172
 0.0856897 0.0660345 0.0330172
 0.0924138 0.0660345 0.0330172
 0.0991379 0.0660345 0.0330172
 0.105862 0.0660345 0.0330172
 0.112586 0.0660345 0.0330172
 0.11931 0.0660345 0.0330172
 0.126034 0.0660345 0.0330172
 0.132759 0.0660345 0.0330172
 0.139483 0.0660345 0.0330172
 0.146207 0.0660345 0.0330172
 0.152931 0.0660345 0.0330172
 0.159655 0.0660345 0.0330172
 0.166379 0.0660345 0.0330172
 0.173103 0.0660345 0.0330172
 0.179828 0.0660345 0.0330172
 0.186552 0.0660345 0.0330172
 0.193276 0.0660345 0.0330172
 0.2 0.0660345 0.0330172
 0.005 0.0762069 0.0025
 0.0117241 0.0762069 0.00586207
 0.0184483 0.0762069 0.00922414
 0.0251724 0.0762069 0.0125862
 0.0318966 0.0762069 0.0159483
 0.0386207 0.0762069 0.0193103
 0.0453448 0.0762069 0.0226724
 0.052069 0.0762069 0.0260345
 0.0587931 0.0762069 0.0293966
 0.0655172 0.0762069 0.0327586
 0.0722414 0.0762069 0.0361207
 0.0789655 0.0762069 0.0381034
 0.0856897 0.0762069 0.0381034
 0.0924138 0.0762069 0.0381034
 0.0991379 0.0762069 0.0381034
 0.105862 0.0762069 0.0381034
 0.112586 0.0762069 0.0381034
 0.11931 0.0762069 0.0381034
 0.126034 0.0762069 0.0381034
 0.132759 0.0762069 0.0381034
 0.139483 0.0762069 0.0381034
 0.146207 0.0762069 0.0381034
 0.152931 0.0762069 0.0381034
 0.159655 0.0762069 0.0381034
 0.166379 0.0762069 0.0381034
 0.173103 0.0762069 0.0381034
 0.179828 0.0762069 0.0381034
 0.186552 0.0762069 0.0381034
 0.193276 0.0762069 0.0381034
 0.2 0.0762069 0.0381034
 0.005 0.0863793 0.0025
 0.0117241 0.0863793 0.00586207
 0.0184483 0.0863793 0.00922414
 0.0251724 0.0863793 0.0125862
 0.0318966 0.0863793 0.0159483
 0.0386207 0.0863793 0.0193103
 0.0453448 0.0863793 0.0226724
 0.052069 0.0863793 0.0260345
 0.0587931 0.0863793 0.0293966
 0.0655172 0.0863793 0.0327586
 0.0722414 0.0863793 0.0361207
 0.0789655 0.0863793 0.0394828
 0.0856897 0.0863793 0.0428448
 0.0924138 0.0863793 0.0431897
 0.0991379 0.0863793 0.0431897
 0.105862 0.0863793 0.0431897
 0.112586 0.0863793 0.0431897
 0.11931 0.0863793 0.0431897
 0.126034 0.0863793 0.0431897
 0.132759 0.0863793 0.0431897
 0.139483 0.0863793 0.0431897
 0.146207 0.0863793 0.0431897
 0.152931 0.0863793 0.0431897
 0.159655 0.0863793 0.0431897
 0.166379 0.0863793 0.0431897
 0.173103 0.0863793 0.0431897
 0.179828 0.0863793 0.0431897
 0.186552 0.0863793 0.0431897
 0.193276 0.0863793 0.0431897
 0.2 0.0863793 0.0431897
 0.005 0.0965517 0.0025
 0.0117241 0.0965517 0.00586207
 0.0184483 0.0965517 0.00922414
 0.0251724 0.0965517 0.0125862
 0.0318966 0.0965517 0.0159483
 0.0386207 0.0965517 0.0193103
 0.0453448 0.0965517 0.0226724
 0.052069 0.0965517 0.0260345
 0.0587931 0.0965517 0.0293966
 0.0655172 0.0965517 0.0327586
 0.0722414 0.0965517 0.0361207
 0.0789655 0.0965517 0.0394828
 0.0856897 0.0965517 0.0428448
 0.0924138 0.0965517 0.0462069
 0.0991379 0.0965517 0.0482759
 0.105862 0.0965517 0.0482759
 0.112586 0.0965517 0.0482759
 0.11931 0.0965517 0.0482759
 0.126034 0.0965517 0.0482759
 0.132759 0.0965517 0.0482759
 0.139483 0.0965517 0.0482759
 0.146207 0.0965517 0.0482759
 0.152931 0.0965517 0.0482759
 0.159655 0.0965517 0.0482759
 0.166379 0.0965517 0.0482759
 0.173103 0.0965517 0.0482759
 0.179828 0.0965517 0.0482759
 0.186552 0.0965517 0.0482759
 0.193276 0.0965517 0.0482759
 0.2 0.0965517 0.0482759
 0.005 0.106724 0.0025
 0.0117241 0.106724 0.00586207
 0.0184483 0.106724 0.00922414
 0.0251724 0.106724 0.0125862
 0.0318966 0.106724 0.0159483
 0.0386207 0.106724 0.0193103
 0.0453448 0.106724 0.0226724
 0.052069 0.106724 0.0260345
 0.0587931 0.106724 0.0293966
 0.0655172 0.106724 0.0327586
 0.0722414 0.106724 0.0361207
 0.0789655 0.106724 0.0394828
 0.0856897 0.106724 0.0428448
 0.0924138 0.106724 0.0462069
 0.0991379 0.106724 0.049569
 0.105862 0.106724 0.052931
 0.112586 0.106724 0.0533621
 0.11931 0.106724 0.0533621
 0.126034 0.106724 0.0533621
 0.132759 0.106724 0.0533621
 0.139483 0.106724 0.0533621
 0.146207 0.106724 0.0533621
 0.152931 0.106724 0.0533621
 0.159655 0.106724 0.0533621
 0.166379 0.106724 0.0533621
 0.173103 0.106724 0.0533621
 0.179828 0.106724 0.0533621
 0.186552 0.106724 0.0533621
 0.193276 0.106724 0.0533621
 0.2 0.106724 0.0533621
 0.005 0.116897 0.0025
 0.0117241 0.116897 0.00586207
 0.0184483 0.116897 0.00922414
 0.0251724 0.116897 0.0125862
 0.0318966 0.116897 0.0159483
 0.0386207 0.116897 0.0193103
 0.0453448 0.116897 0.0226724
 0.052069 0.116897 0.0260345
 0.0587931 0.116897 0.0293966
 0.0655172 0.116897 0.0327586
 0.0722414 0.116897 0.0361207
 0.0789655 0.116897 0.0394828
 0.0856897 0.116897 0.0428448
 0.0924138 0.116897 0.0462069
 0.0991379 0.116897 0.049569
 0.105862 0.116897 0.052931
 0.112586 0.116897 0.0562931
 0.11931 0.116897 0.0584483
 0.126034 0.116897 0.0584483
 0.132759 0.116897 0.0584483
 0.139483 0.116897 0.0584483
 0.146207 0.116897 0.0584483
 0.152931 0.116897 0.0584483
 0.159655 0.116897 0.0584483
 0.166379 0.116897 0.0584483
 0.173103 0.116897 0.0584483
 0.179828 0.116897 0.0584483
 0.186552 0.116897 0.0584483
 0.193276 0.116897 0.0584483
 0.2 0.116897 0.0584483
 0.005 0.127069 0.0025
 0.0117241 0.127069 0.00586207
 0.0184483 0.127069 0.00922414
 0.0251724 0.127069 0.0125862
 0.0318966 0.127069 0.0159483
 0.0386207 0.127069 0.0193103
 0.0453448 0.127069 0.0226724
 0.052069 0.127069 0.0260345
 0.0587931 0.127069 0.0293966
 0.0655172 0.127069 0.0327586
 0.0722414 0.127069 0.0361207
 0.0789655 0.127069 0.0394828
 0.0856897 0.127069 0.0428448
 0.0924138 0.127069 0.0462069
 0.0991379 0.127069 0.049569
 0.105862 0.127069 0.052931
 0.112586 0.127069 0.0562931
 0.11931 0.127069 0.0596552
 0.126034 0.127069 0.0630172
 0.132759 0.127069 0.0635345
 0.139483 0.127069 0.0635345
 0.146207 0.127069 0.0635345
 0.152931 0.127069 0.0635345
 0.159655 0.127069 0.0635345
 0.166379 0.127069 0.0635345
 0.173103 0.127069 0.0635345
 0.179828 0.127069 0.0635345
 0.186552 0.127069 0.0635345
 0.193276 0.127069 0.0635345
 0.2 0.127069 0.0635345
 0.005 0.137241 0.0025
 0.0117241 0.137241 0.00586207
 0.0184483 0.137241 0.00922414
 0.0251724 0.137241 0.0125862
 0.0318966 0.137241 0.0159483
 0.0386207 0.137241 0.0193103
 0.0453448 0.137241 0.0226724
 0.052069 0.137241 0.0260345
 0.0587931 0.137241 0.0293966
 0.0655172 0.137241 0.0327586
 0.0722414 0.137241 0.0361207
 0.0789655 0.137241 0.0394828
 0.0856897 0.137241 0.0428448
 0.0924138 0.137241 0.0462069
 0.0991379 0.137241 0.049569
 0.105862 0.137241 0.052931
 0.112586 0.137241 0.0562931
 0.11931 0.137241 0.0596552
 0.126034 0.137241 0.0630172
 0.132759 0.137241 0.0663793
 0.139483 0.137241 0.0686207
 0.146207 0.137241 0.0686207
 0.152931 0.137241 0.0686207
 0.159655 0.137241 0.0686207
 0.166379 0.137241 0.0686207
 0.173103 0.137241 0.0686207
 0.179828 0.137241 0.0686207
 0.186552 0.137241 0.0686207
 0.193276 0.137241 0.0686207
 0.2 0.137241 0.0686207
 0.005 0.147414 0.0025
 0.0117241 0.147414 0.00586207
 0.0184483 0.147414 0.00922414
 0.0251724 0.147414 0.0125862
 0.0318966 0.147414 0.0159483
 0.0386207 0.147414 0.0193103
 0.0453448 0.147414 0.0226724
 0.052069 0.147414 0.0260345
 0.0587931 0.147414 0.0293966
 0.0655172 0.147414 0.0327586
 0.0722414 0.147414 0.0361207
 0.0789655 0.147414 0.0394828
 0.0856897 0.147414 0.0428448
 0.0924138 0.147414 0.0462069
 0.0991379 0.147414 0.049569
 0.105862 0.147414 0.052931
 0.112586 0.147414 0.0562931
 0.11931 0.147414 0.0596552
 0.126034 0.147414 0.0630172
 0.132759 0.147414 0.0663793
 0.139483 0.147414 0.0697414
 0.146207 0.147414 0.0731034
 0.152931 0.147414 0.0737069
 0.159655 0.147414 0.0737069
 0.166379 0.147414 0.0737069
 0.173103 0.147414 0.0737069
 0.179828 0.147414 0.0737069
 0.186552 0.147414 0.0737069
 0.193276 0.147414 0.0737069
 0.2 0.147414 0.0737069
 0.005 0.157586 0.0025
 0.0117241 0.157586 0.00586207
 0.0184483 0.157586 0.00922414
 0.0251724 0.157586 0.0125862
 0.0318966 0.157586 0.0159483
 0.0386207 0.157586 0.0193103
 0.0453448 0.157586 0.0226724
 0.052069 0.157586 0.0260345
 0.0587931 0.157586 0.0293966
 0.0655172 0.157586 0.0327586
 0.0722414 0.157586 0.0361207
 0.0789655 0.157586 0.0394828
 0.0856897 0.157586 0.0428448
 0.0924138 0.157586 0.0462069
 0.0991379 0.157586 0.049569
 0.105862 0.157586 0.052931
 0.112586 0.157586 0.0562931
 0.11931 0.157586 0.0596552
 0.126034 0.157586 0.0630172
 0.132759 0.157586 0.0663793
 0.139483 0.157586 0.0697414
 0.146207 0.157586 0.0731034
 0.152931 0.157586 0.0764655
 0.159655 0.157586 0.0787931
 0.166379 0.157586 0.0787931
 0.173103 0.157586 0.0787931
 0.179828 0.157586 0.0787931
 0.186552 0.157586 0.0787931
 0.193276 0.157586 0.0787931
 0.2 0.157586 0.0787931
 0.005 0.167759 0.0025
 0.0117241 0.167759 0.00586207
 0.0184483 0.167759 0.00922414
 0.0251724 0.167759 0.0125862
 0.0318966 0.167759 0.0159483
 0.0386207 0.167759 0.0193103
 0.0453448 0.167759 0.0226724
 0.052069 0.167759 0.0260345
 0.0587931 0.167759 0.0293966
 0.0655172 0.167759 0.0327586
 0.0722414 0.167759 0.0361207
 0.0789655 0.167759 0.0394828
 0.0856897 0.167759 0.0428448
 0.0924138 0.167759 0.0462069
 0.0991379 0.167759 0.049569
 0.105862 0.167759 0.052931
 0.112586 0.167759 0.0562931
 0.11931 0.167759 0.0596552
 0.126034 0.167759 0.0630172
 0.132759 0.167759 0.0663793
 0.139483 0.167759 0.0697414
 0.146207 0.167759 0.0731034
 0.152931 0.167759 0.0764655
 0.159655 0.167759 0.0798276
 0.166379 0.167759 0.0831897
 0.173103 0.167759 0.0838793
 0.179828 0.167759 0.0838793
 0.186552 0.167759 0.0838793
 0.193276 0.167759 0.0838793
 0.2 0.167759 0.0838793
 0.005 0.177931 0.0025
 0.0117241 0.177931 0.00586207
 0.0184483 0.177931 0.00922414
 0.0251724 0.177931 0.0125862
 0.0318966 0.177931 0.0159483
 0.0386207 0.177931 0.0193103
 0.0453448 0.177931 0.0226724
 0.052069 0.177931 0.0260345
 0.0587931 0.177931 0.0293966
 0.0655172 0.177931 0.0327586
 0.0722414 0.177931 0.0361207
 0.0789655 0.177931 0.0394828
 0.0856897 0.177931 0.0428448
 0.0924138 0.177931 0.0462069
 0.0991379 0.177931 0.049569
 0.105862 0.177931 0.052931
 0.112586 0.177931 0.0562931
 0.11931 0.177931 0.0596552
 0.126034 0.177931 0.0630172
 0.132759 0.177931 0.0663793
 0.139483 0.177931 0.0697414
 0.146207 0.177931 0.0731034
 0.152931 0.177931 0.0764655
 0.159655 0.177931 0.0798276
 0.166379 0.177931 0.0831897
 0.173103 0.177931 0.0865517
 0.179828 0.177931 0.0889655
 0.186552 0.177931 0.0889655
 0.193276 0.177931 0.0889655
 0.2 0.177931 0.0889655
 0.005 0.188103 0.0025
 0.0117241 0.188103 0.00586207
 0.0184483 0.188103 0.00922414
 0.0251724 0.188103 0.0125862
 0.0318966 0.188103 0.0159483
 0.0386207 0.188103 0.0193103
 0.0453448 0.188103 0.0226724
 0.052069 0.188103 0.0260345
 0.0587931 0.188103 0.0293966
 0.0655172 0.188103 0.0327586
 0.0722414 0.188103 0.0361207
 0.0789655 0.188103 0.0394828
 0.0856897 0.188103 0.0428448
 0.0924138 0.188103 0.0462069
 0.0991379 0.188103 0.049569
 0.105862 0.188103 0.052931
 0.112586 0.188103 0.0562931
 0.11931 0.188103 0.0596552
 0.126034 0.188103 0.0630172
 0.132759 0.188103 0.0663793
 0.139483 0.188103 0.0697414
 0.146207 0.188103 0.0731034
 0.152931 0.188103 0.0764655
 0.159655 0.188103 0.0798276
 0.166379 0.188103 0.0831897
 0.173103 0.188103 0.0865517
 0.179828 0.188103 0.0899138
 0.186552 0.188103 0.0932759
 0.193276 0.188103 0.0940517
 0.2 0.188103 0.0940517
 0.005 0.198276 0.0025
 0.0117241 0.198276 0.00586207
 0.0184483 0.198276 0.00922414
 0.0251724 0.198276 0.0125862
 0.0318966 0.198276 0.0159483
 0.0386207 0.198276 0.0193103
 0.0453448 0.198276 0.0226724
 0.052069 0.198276 0.0260345
 0.0587931 0.198276 0.0293966
 0.0655172 0.198276 0.0327586
 0.0722414 0.198276 0.0361207
 0.0789655 0.198276 0.0394828
 0.0856897 0.198276 0.0428448
 0.0924138 0.198276 0.0462069
 0.0991379 0.198276 0.049569
 0.105862 0.198276 0.052931
 0.112586 0.198276 0.0562931
 0.11931 0.198276 0.0596552
 0.126034 0.198276 0.0630172
 0.132759 0.198276 0.0663793
 0.139483 0.198276 0.0697414
 0.146207 0.198276 0.0731034
 0.152931 0.198276 0.0764655
 0.159655 0.198276 0.0798276
 0.166379 0.198276 0.0831897
 0.173103 0.198276 0.0865517
 0.179828 0.198276 0.0899138
 0.186552 0.198276 0.0932759
 0.193276 0.198276 0.0966379
 0.2 0.198276 0.0991379
 0.005 0.208448 0.0025
 0.0117241 0.208448 0.00586207
 0.0184483 0.208448 0.00922414
 0.0251724 0.208448 0.0125862
 0.0318966 0.208448 0.0159483
 0.0386207 0.208448 0.0193103
 0.0453448 0.208448 0.0226724
 0.052069 0.208448 0.0260345
 0.0587931 0.208448 0.0293966
 0.0655172 0.208448 0.0327586
 0.0722414 0.208448 0.0361207
 0.0789655 0.208448 0.0394828
 0.0856897 0.208448 0.0428448
 0.0924138 0.208448 0.0462069
 0.0991379 0.208448 0.049569
 0.105862 0.208448 0.052931
 0.112586 0.208448 0.0562931
 0.11931 0.208448 0.0596552
 0.126034 0.208448 0.0630172
 0.132759 0.208448 0.0663793
 0.139483 0.208448 0.0697414
 0.146207 0.208448 0.0731034
 0.152931 0.208448 0.0764655
 0.159655 0.208448 0.0798276
 0.166379 0.208448 0.0831897
 0.173103 0.208448 0.0865517
 0.179828 0.208448 0.0899138
 0.186552 0.208448 0.0932759
 0.193276 0.208448 0.0966379
 0.2 0.208448 0.1
 0.005 0.218621 0.0025
 0.0117241 0.218621 0.00586207
 0.0184483 0.218621 0.00922414
 0.0251724 0.218621 0.0125862
 0.0318966 0.218621 0.0159483
 0.0386207 0.218621 0.0193103
 0.0453448 0.218621 0.0226724
 0.052069 0.218621 0.0260345
 0.0587931 0.218621 0.0293966
 0.0655172 0.218621 0.0327586
 0.0722414 0.218621 0.0361207
 0.0789655 0.218621 0.0394828
 0.0856897 0.218621 0.0428448
 0.0924138 0.218621 0.0462069
 0.0991379 0.218621 0.049569
 0.105862 0.218621 0.052931
 0.112586 0.218621 0.0562931
 0.11931 0.218621 0.0596552
 0.126034 0.218621 0.0630172
 0.132759 0.218621 0.0663793
 0.139483 0.218621 0.0697414
 0.146207 0.218621 0.0731034
 0.152931 0.218621 0.0764655
 0.159655 0.218621 0.0798276
 0.166379 0.218621 0.0831897
 0.173103 0.218621 0.0865517
 0.179828 0.218621 0.0899138
 0.186552 0.218621 0.0932759
 0.193276 0.218621 0.0966379
 0.2 0.218621 0.1
 0.005 0.228793 0.0025
 0.0117241 0.228793 0.00586207
 0.0184483 0.228793 0.00922414
 0.0251724 0.228793 0.0125862
 0.0318966 0.228793 0.0159483
 0.0386207 0.228793 0.0193103
 0.0453448 0.228793 0.0226724
 0.052069 0.228793 0.0260345
 0.0587931 0.228793 0.0293966
 0.0655172 0.228793 0.0327586
 0.0722414 0.228793 0.0361207
 0.0789655 0.228793 0.0394828
 0.0856897 0.228793 0.0428448
 0.0924138 0.228793 0.0462069
 0.0991379 0.228793 0.049569
 0.105862 0.228793 0.052931
 0.112586 0.228793 0.0562931
 0.11931 0.228793 0.0596552
 0.126034 0.228793 0.0630172
 0.132759 0.228793 0.0663793
 0.139483 0.228793 0.0697414
 0.146207 0.228793 0.0731034
 0.152931 0.228793 0.0764655
 0.159655 0.228793 0.0798276
 0.166379 0.228793 0.0831897
 0.173103 0.228793 0.0865517
 0.179828 0.228793 0.0899138
 0.186552 0.228793 0.0932759
 0.193276 0.228793 0.0966379
 0.2 0.228793 0.1
 0.005 0.238966 0.0025
 0.0117241 0.238966 0.00586207
 0.0184483 0.238966 0.00922414
 0.0251724 0.238966 0.0125862
 0.0318966 0.238966 0.0159483
 0.0386207 0.238966 0.0193103
 0.0453448 0.238966 0.0226724
 0.052069 0.238966 0.0260345
 0.0587931 0.238966 0.0293966
 0.0655172 0.238966 0.0327586
 0.0722414 0.238966 0.0361207
 0.0789655 0.238966 0.0394828
 0.0856897 0.238966 0.0428448
 0.0924138 0.238966 0.0462069
 0.0991379 0.238966 0.049569
 0.105862 0.238966 0.052931
 0.112586 0.238966 0.0562931
 0.11931 0.238966 0.0596552
 0.126034 0.238966 0.0630172
 0.132759 0.238966 0.0663793
 0.139483 0.238966 0.0697414
 0.146207 0.238966 0.0731034
 0.152931 0.238966 0.0764655
 0.159655 0.238966 0.0798276
 0.166379 0.238966 0.0831897
 0.173103 0.238966 0.0865517
 0.179828 0.238966 0.0899138
 0.186552 0.238966 0.0932759
 0.193276 0.238966 0.0966379
 0.2 0.238966 0.1
 0.005 0.249138 0.0025
 0.0117241 0.249138 0.00586207
 0.0184483 0.249138 0.00922414
 0.0251724 0.249138 0.0125862
 0.0318966 0.249138 0.0159483
 0.0386207 0.249138 0.0193103
 0.0453448 0.249138 0.0226724
 0.052069 0.249138 0.0260345
 0.0587931 0.249138 0.0293966
 0.0655172 0.249138 0.0327586
 0.0722414 0.249138 0.0361207
 0.0789655 0.249138 0.0394828
 0.0856897 0.249138 0.0428448
 0.0924138 0.249138 0.0462069
 0.0991379 0.249138 0.049569
 0.105862 0.249138 0.052931
 0.112586 0.249138 0.0562931
 0.11931 0.249138 0.0596552
 0.126034 0.249138 0.0630172
 0.132759 0.249138 0.0663793
 0.139483 0.249138 0.0697414
 0.146207 0.249138 0.0731034
 0.152931 0.249138 0.0764655
 0.159655 0.249138 0.0798276
 0.166379 0.249138 0.0831897
 0.173103 0.249138 0.0865517
 0.179828 0.249138 0.0899138
 0.186552 0.249138 0.0932759
 0.193276 0.249138 0.0966379
 0.2 0.249138 0.1
 0.005 0.25931 0.0025
 0.0117241 0.25931 0.00586207
 0.0184483 0.25931 0.00922414
 0.0251724 0.25931 0.0125862
 0.0318966 0.25931 0.0159483
 0.0386207 0.25931 0.0193103
 0.0453448 0.25931 0.0226724
 0.052069 0.25931 0.0260345
 0.0587931 0.25931 0.0293966
 0.0655172 0.25931 0.0327586
 0.0722414 0.25931 0.0361207
 0.0789655 0.25931 0.0394828
 0.0856897 0.25931 0.0428448
 0.0924138 0.25931 0.0462069
 0.0991379 0.25931 0.049569
 0.105862 0.25931 0.052931
 0.112586 0.25931 0.0562931
 0.11931 0.25931 0.0596552
 0.126034 0.25931 0.0630172
 0.132759 0.25931 0.0663793
 0.139483 0.25931 0.0697414
 0.146207 0.25931 0.0731034
 0.152931 0.25931 0.0764655
 0.159655 0.25931 0.0798276
 0.166379 0.25931 0.0831897
 0.173103 0.25931 0.0865517
 0.179828 0.25931 0.0899138
 0.186552 0.25931 0.0932759
 0.193276 0.25931 0.0966379
 0.2 0.25931 0.1
 0.005 0.269483 0.0025
 0.0117241 0.269483 0.00586207
 0.0184483 0.269483 0.00922414
 0.0251724 0.269483 0.0125862
 0.0318966 0.269483 0.0159483
 0.0386207 0.269483 0.0193103
 0.0453448 0.269483 0.0226724
 0.052069 0.269483 0.0260345
 0.0587931 0.269483 0.0293966
 0.0655172 0.269483 0.0327586
 0.0722414 0.269483 0.0361207
 0.0789655 0.269483 0.0394828
 0.0856897 0.269483 0.0428448
 0.0924138 0.269483 0.0462069
 0.0991379 0.269483 0.049569
 0.105862 0.269483 0.052931
 0.112586 0.269483 0.0562931
 0.11931 0.269483 0.0596552
 0.126034 0.269483 0.0630172
 0.132759 0.269483 0.0663793
 0.139483 0.269483 0.0697414
 0.146207 0.269483 0.0731034
 0.152931 0.269483 0.0764655
 0.159655 0.269483 0.0798276
 0.166379 0.269483 0.0831897
 0.173103 0.269483 0.0865517
 0.179828 0.269483 0.0899138
 0.186552 0.269483 0.0932759
 0.193276 0.269483 0.0966379
 0.2 0.269483 0.1
 0.005 0.279655 0.0025
 0.0117241 0.279655 0.00586207
 0.0184483 0.279655 0.00922414
 0.0251724 0.279655 0.0125862
 0.0318966 0.279655 0.0159483
 0.0386207 0.279655 0.0193103
 0.0453448 0.279655 0.0226724
 0.052069 0.279655 0.0260345
 0.0587931 0.279655 0.0293966
 0.0655172 0.279655 0.0327586
 0.0722414 0.279655 0.0361207
 0.0789655 0.279655 0.0394828
 0.0856897 0.279655 0.0428448
 0.0924138 0.279655 0.0462069
 0.0991379 0.279655 0.049569
 0.105862 0.279655 0.052931
 0.112586 0.279655 0.0562931
 0.11931 0.279655 0.0596552
 0.126034 0.279655 0.0630172
 0.132759 0.279655 0.0663793
 0.139483 0.279655 0.0697414
 0.146207 0.279655 0.0731034
 0.152931 0.279655 0.0764655
 0.159655 0.279655 0.0798276
 0.166379 0.279655 0.0831897
 0.173103 0.279655 0.0865517
 0.179828 0.279655 0.0899138
 0.186552 0.279655 0.0932759
 0.193276 0.279655 0.0966379
 0.2 0.279655 0.1
 0.005 0.289828 0.0025
 0.0117241 0.289828 0.00586207
 0.0184483 0.289828 0.00922414
 0.0251724 0.289828 0.0125862
 0.0318966 0.289828 0.0159483
 0.0386207 0.289828 0.0193103
 0.0453448 0.289828 0.0226724
 0.052069 0.289828 0.0260345
 0.0587931 0.289828 0.0293966
 0.0655172 0.289828 0.0327586
 0.0722414 0.289828 0.0361207
 0.0789655 0.289828 0.0394828
 0.0856897 0.289828 0.0428448
 0.0924138 0.289828 0.0462069
 0.0991379 0.289828 0.049569
 0.105862 0.289828 0.052931
 0.112586 0.289828 0.0562931
 0.11931 0.289828 0.0596552
 0.126034 0.289828 0.0630172
 0.132759 0.289828 0.0663793
 0.139483 0.289828 0.0697414
 0.146207 0.289828 0.0731034
 0.152931 0.289828 0.0764655
 0.159655 0.289828 0.0798276
 0.166379 0.289828 0.0831897
 0.173103 0.289828 0.0865517
 0.179828 0.289828 0.0899138
 0.186552 0.289828 0.0932759
 0.193276 0.289828 0.0966379
 0.2 0.289828 0.1
 0.005 0.3 0.0025
 0.0117241 0.3 0.00586207
 0.0184483 0.3 0.00922414
 0.0251724 0.3 0.0125862
 0.0318966 0.3 0.0159483
 0.0386207 0.3 0.0193103
 0.0453448 0.3 0.0226724
 0.052069 0.3 0.0260345
 0.0587931 0.3 0.0293966
 0.0655172 0.3 0.0327586
 0.0722414 0.3 0.0361207
 0.0789655 0.3 0.0394828
 0.0856897 0.3 0.0428448
 0.0924138 0.3 0.0462069
 0.0991379 0.3 0.049569
 0.105862 0.3 0.052931
 0.112586 0.3 0.0562931
 0.11931 0.3 0.0596552
 0.126034 0.3 0.0630172
 0.132759 0.3 0.0663793
 0.139483 0.3 0.0697414
 0.146207 0.3 0.0731034
 0.152931 0.3 0.0764655
 0.159655 0.3 0.0798276
 0.166379 0.3 0.0831897
 0.173103 0.3 0.0865517
 0.179828 0.3 0.0899138
 0.186552 0.3 0.0932759
 0.193276 0.3 0.0966379
 0.2 0.3 0.1
