 ci ac aj gpp
 20 1.73813 4.40079 1.73813
 24.9246 2.14418 5.18705 2.14418
 29.8492 2.54209 5.89244 2.54209
 34.7739 2.93211 6.52882 2.93211
 39.6985 3.31447 7.10584 3.31447
 44.6231 3.68938 7.63145 3.68938
 49.5477 4.05707 8.11221 4.05707
 54.4724 4.41774 8.55365 4.41774
 59.397 4.77159 8.96038 4.77159
 64.3216 5.11881 9.33635 5.11881
 69.2462 5.45959 9.68492 5.45959
 74.1709 5.79411 10.009 5.79411
 79.0955 6.12253 10.311 6.12253
 84.0201 6.44502 10.5932 6.44502
 88.9447 6.76174 10.8575 6.76174
 93.8693 7.07285 11.1055 7.07285
 98.794 7.37848 11.3386 7.37848
 103.719 7.67879 11.5582 7.67879
 108.643 7.97392 11.7654 7.97392
 113.568 8.26398 11.9613 8.26398
 118.492 8.54913 12.1466 8.54913
 123.417 8.82947 12.3224 8.82947
 128.342 9.10513 12.4892 9.10513
 133.266 9.37623 12.6478 9.37623
 138.191 9.64287 12.7987 9.64287
 143.116 9.90517 12.9425 9.90517
 148.04 10.1632 13.0797 10.1632
 152.965 10.4172 13.2107 10.4172
 157.889 10.6671 13.336 10.6671
 162.814 10.913 13.4558 10.913
 167.739 11.1551 13.5706 11.1551
 172.663 11.3934 13.6807 11.3934
 177.588 11.6281 13.7863 11.6281
 182.513 11.8592 13.8877 11.8592
 187.437 12.0867 13.9852 12.0867
 192.362 12.3109 14.079 12.3109
 197.286 12.5317 14.1692 12.5317
 202.211 12.7492 14.2562 12.7492
 207.136 12.9635 14.34 12.9635
 212.06 13.1747 14.4208 13.1747
 216.985 13.3828 14.4988 13.3828
 221.91 13.5879 14.5742 13.5879
 226.834 13.7901 14.647 13.7901
 231.759 13.9894 14.7174 13.9894
 236.683 14.1859 14.7855 14.1859
 241.608 14.3796 14.8514 14.3796
 246.533 14.5707 14.9153 14.5707
 251.457 14.7591 14.9772 14.7591
 256.382 14.9449 15.0371 14.9449
 261.307 15.1282 15.0953 15.0953
 266.231 15.309 15.1518 15.1518
 271.156 15.4874 15.2066 15.2066
 276.08 15.6634 15.2598 15.2598
 281.005 15.837 15.3115 15.3115
 285.93 16.0084 15.3618 15.3618
 290.854 16.1775 15.4106 15.4106
 295.779 16.3445 15.4582 15.4582
 300.704 16.5093 15.5045 15.5045
 305.628 16.6719 15.5495 15.5495
 310.553 16.8325 15.5934 15.5934
 315.477 16.991 15.6361 15.6361
 320.402 17.1476 15.6777 15.6777
 325.327 17.3022 15.7183 15.7183
 330.251 17.4549 15.7579 15.7579
 335.176 17.6056 15.7965 15.7965
 340.101 17.7546 15.8342 15.8342
 345.025 17.9017 15.871 15.871
 349.95 18.047 15.9069 15.9069
 354.874 18.1906 15.9419 15.9419
 359.799 18.3324 15.9762 15.9762
 364.724 18.4726 16.0096 16.0096
 369.648 18.6111 16.0423 16.0423
 374.573 18.748 16.0743 16.0743
 379.497 18.8832 16.1056 16.1056
 384.422 19.0169 16.1362 16.1362
 389.347 19.149 16.1661 16.1661
 394.271 19.2797 16.1954 16.1954
 399.196 19.4088 16.2241 16.2241
 404.121 19.5365 16.2521 16.2521
 409.045 19.6627 16.2796 16.2796
 413.97 19.7875 16.3065 16.3065
 418.894 19.9109 16.3329 16.3329
 423.819 20.0329 16.3587 16.3587
 428.744 20.1536 16.3841 16.3841
 433.668 20.2729 16.4089 16.4089
 438.593 20.3909 16.4332 16.4332
 443.518 20.5077 16.4571 16.4571
 448.442 20.6232 16.4805 16.4805
 453.367 20.7374 16.5035 16.5035
 458.291 20.8505 16.526 16.526
 463.216 20.9623 16.5481 16.5481
 468.141 21.0729 16.5698 16.5698
 473.065 21.1824 16.5912 16.5912
 477.99 21.2907 16.6121 16.6121
 482.915 21.3979 16.6326 16.6326
 487.839 21.504 16.6528 16.6528
 492.764 21.609 16.6727 16.6727
 497.688 21.7129 16.6921 16.6921
 502.613 21.8157 16.7113 16.7113
 507.538 21.9175 16.7301 16.7301
 512.462 22.0183 16.7486 16.7486
 517.387 22.1181 16.7668 16.7668
 522.312 22.2168 16.7847 16.7847
 527.236 22.3146 16.8023 16.8023
 532.161 22.4114 16.8196 16.8196
 537.085 22.5073 16.8366 16.8366
 542.01 22.6022 16.8533 16.8533
 546.935 22.6962 16.8698 16.8698
 551.859 22.7892 16.886 16.886
 556.784 22.8814 16.9019 16.9019
 561.709 22.9727 16.9176 16.9176
 566.633 23.0631 16.9331 16.9331
 571.558 23.1527 16.9483 16.9483
 576.482 23.2414 16.9633 16.9633
 581.407 23.3292 16.978 16.978
 586.332 23.4162 16.9926 16.9926
 591.256 23.5025 17.0069 17.0069
 596.181 23.5879 17.021 17.021
 601.106 23.6725 17.0349 17.0349
 606.03 23.7564 17.0485 17.0485
 610.955 23.8394 17.062 17.062
 615.879 23.9217 17.0753 17.0753
 620.804 24.0033 17.0884 17.0884
 625.729 24.0841 17.1014 17.1014
 630.653 24.1642 17.1141 17.1141
 635.578 24.2436 17.1266 17.1266
 640.503 24.3223 17.139 17.139
 645.427 24.4003 17.1512 17.1512
 650.352 24.4775 17.1633 17.1633
 655.276 24.5541 17.1752 17.1752
 660.201 24.6301 17.1869 17.1869
 665.126 24.7053 17.1984 17.1984
 670.05 24.7799 17.2098 17.2098
 674.975 24.8539 17.2211 17.2211
 679.899 24.9272 17.2322 17.2322
 684.824 24.9999 17.2431 17.2431
 689.749 25.072 17.254 17.254
 694.673 25.1434 17.2646 17.2646
 699.598 25.2143 17.2752 17.2752
 704.523 25.2845 17.2856 17.2856
 709.447 25.3542 17.2958 17.2958
 714.372 25.4233 17.306 17.306
 719.296 25.4918 17.316 17.316
 724.221 25.5597 17.3259 17.3259
 729.146 25.6271 17.3356 17.3356
 734.07 25.6939 17.3453 17.3453
 738.995 25.7602 17.3548 17.3548
 743.92 25.8259 17.3642 17.3642
 748.844 25.8911 17.3735 17.3735
 753.769 25.9557 17.3827 17.3827
 758.693 26.0199 17.3918 17.3918
 763.618 26.0835 17.4008 17.4008
 768.543 26.1466 17.4096 17.4096
 773.467 26.2092 17.4184 17.4184
 778.392 26.2713 17.427 17.427
 783.317 26.333 17.4356 17.4356
 788.241 26.3941 17.4441 17.4441
 793.166 26.4548 17.4524 17.4524
 798.09 26.5149 17.4607 17.4607
 803.015 26.5747 17.4689 17.4689
 807.94 26.6339 17.4769 17.4769
 812.864 26.6927 17.4849 17.4849
 817.789 26.751 17.4928 17.4928
 822.714 26.8089 17.5006 17.5006
 827.638 26.8664 17.5084 17.5084
 832.563 26.9234 17.516 17.516
 837.487 26.98 17.5236 17.5236
 842.412 27.0361 17.531 17.531
 847.337 27.0919 17.5384 17.5384
 852.261 27.1472 17.5458 17.5458
 857.186 27.2021 17.553 17.553
 862.111 27.2566 17.5602 17.5602
 867.035 27.3107 17.5672 17.5672
 871.96 27.3644 17.5743 17.5743
 876.884 27.4176 17.5812 17.5812
 881.809 27.4706 17.5881 17.5881
 886.734 27.5231 17.5949 17.5949
 891.658 27.5752 17.6016 17.6016
 896.583 27.627 17.6082 17.6082
 901.508 27.6783 17.6148 17.6148
 906.432 27.7294 17.6213 17.6213
 911.357 27.78 17.6278 17.6278
 916.281 27.8303 17.6342 17.6342
 921.206 27.8802 17.6405 17.6405
 926.131 27.9298 17.6468 17.6468
 931.055 27.979 17.653 17.653
 935.98 28.0279 17.6591 17.6591
 940.905 28.0764 17.6652 17.6652
 945.829 28.1246 17.6712 17.6712
 950.754 28.1725 17.6772 17.6772
 955.678 28.22 17.6831 17.6831
 960.603 28.2672 17.689 17.689
 965.528 28.314 17.6948 17.6948
 970.452 28.3606 17.7005 17.7005
 975.377 28.4068 17.7062 17.7062
 980.302 28.4527 17.7118 17.7118
 985.226 28.4983 17.7174 17.7174
 990.151 28.5436 17.7229 17.7229
 995.075 28.5886 17.7284 17.7284
 1000 28.6333 17.7338 17.7338
