 g f4 f6 f8 f10 d4 d6 d8 d10
 0.3 0.336551 0.284434 0.275965 0.27487 0.0049003 0.000345877 2.64357e-05 2.1035e-06
 0.338636 0.358472 0.297915 0.284922 0.28276 0.00788185 0.000707963 6.88975e-05 6.9821e-06
 0.377273 0.381774 0.314977 0.296292 0.292378 0.0120142 0.00133746 0.000161423 2.02938e-05
 0.415909 0.405812 0.336157 0.31079 0.304211 0.0175324 0.00236786 0.000346987 5.29825e-05
 0.454545 0.429805 0.361933 0.329333 0.318964 0.0246772 0.00397252 0.000694542 0.00012658
 0.493182 0.452852 0.392638 0.35304 0.337649 0.0336887 0.00636844 0.00130906 0.000280623
 0.531818 0.473968 0.428351 0.383215 0.361676 0.0447998 0.00981813 0.00234314 0.000583511
 0.570455 0.492141 0.468755 0.421262 0.392944 0.0582295 0.014629 0.00400958 0.00114752
 0.609091 0.506408 0.512977 0.468506 0.433901 0.0741761 0.0211491 0.00659356 0.00214833
 0.647727 0.515937 0.559448 0.525862 0.487485 0.0928111 0.0297591 0.0104628 0.00384868
 0.686364 0.520106 0.605821 0.593319 0.556815 0.114274 0.0408594 0.0160727 0.0066244
 0.725 0.51857 0.649026 0.669236 0.644395 0.138669 0.0548525 0.0239629 0.0109889
 0.763636 0.511295 0.685518 0.749607 0.750587 0.16606 0.0721219 0.0347417 0.0176088
 0.802273 0.498562 0.711729 0.827612 0.871273 0.196475 0.0930084 0.0490543 0.0272998
 0.840909 0.48093 0.724668 0.893988 0.995366 0.229902 0.117787 0.0675345 0.0409886
 0.879545 0.459172 0.722509 0.93861 1.104 0.266297 0.14665 0.0907435 0.059631
 0.918182 0.434197 0.704991 0.953151 1.17398 0.305582 0.179691 0.119106 0.0840859
 0.956818 0.406964 0.673473 0.933827 1.18619 0.347655 0.216903 0.15286 0.114971
 0.995455 0.378406 0.630629 0.882789 1.13487 0.392393 0.258188 0.192026 0.152546
 1.03409 0.349372 0.579901 0.807343 1.03073 0.439657 0.303364 0.23642 0.196671
 1.07273 0.320587 0.524882 0.717461 0.89544 0.489301 0.352187 0.285689 0.246858
 1.11136 0.292632 0.468812 0.622961 0.751813 0.541169 0.404373 0.339361 0.302386
 1.15 0.265944 0.414268 0.531554 0.616749 0.595108 0.459616 0.396909 0.362434
 1.18864 0.240826 0.363058 0.448143 0.499248 0.650964 0.517602 0.457797 0.426186
 1.22727 0.217462 0.31627 0.375084 0.401981 0.708588 0.578027 0.521514 0.492908
 1.26591 0.195939 0.2744 0.312882 0.323863 0.767838 0.640602 0.5876 0.561971
 1.30455 0.176269 0.237512 0.260915 0.262158 0.828579 0.705063 0.65565 0.632862
 1.34318 0.158408 0.205386 0.218011 0.213766 0.890684 0.771168 0.725319 0.705169
 1.38182 0.142274 0.177637 0.182822 0.175842 0.954035 0.838702 0.796317 0.77857
 1.42045 0.12776 0.153803 0.154038 0.146014 1.01852 0.907478 0.868404 0.852817
 1.45909 0.114744 0.133403 0.130492 0.122404 1.08405 0.977327 0.941382 0.927716
 1.49773 0.1031 0.115977 0.111189 0.103566 1.15052 1.04811 1.01509 1.00312
 1.53636 0.0927006 0.1011 0.0953074 0.0883997 1.21785 1.11969 1.0894 1.07892
 1.575 0.0834236 0.0883926 0.0821816 0.0760754 1.28597 1.19197 1.16419 1.15502
 1.61364 0.0751535 0.0775264 0.0712773 0.0659668 1.35479 1.26486 1.23939 1.23136
 1.65227 0.0677831 0.0682177 0.0621683 0.0575999 1.42427 1.33827 1.31493 1.30789
 1.69091 0.061214 0.0602254 0.0545154 0.0506141 1.49435 1.41213 1.39074 1.38456
 1.72955 0.0553572 0.0533456 0.0480488 0.0447334 1.56496 1.48639 1.46677 1.46135
 1.76818 0.0501323 0.0474069 0.0425534 0.0397447 1.63607 1.561 1.543 1.53823
 1.80682 0.0454676 0.0422654 0.0378573 0.0354822 1.70763 1.6359 1.61939 1.61519
 1.84545 0.0412991 0.0378002 0.0338225 0.0318159 1.77961 1.71107 1.6959 1.6922
 1.88409 0.0375701 0.0339105 0.0303379 0.0286429 1.85196 1.78647 1.77253 1.76926
 1.92273 0.0342305 0.0305113 0.0273135 0.0258813 1.92466 1.86207 1.84925 1.84636
 1.96136 0.0312357 0.0275315 0.0246762 0.0234651 1.99767 1.93785 1.92605 1.92349
 2 0.0285467 0.0249112 0.022366 0.0213409 2.07098 2.01378 2.00291 2.00064
