 r l2 l2b
 0.1 0.199244 0.15461
 0.106003 0.201013 0.156267
 0.112365 0.202889 0.158023
 0.11911 0.204876 0.159882
 0.12626 0.206982 0.16185
 0.133839 0.209214 0.163934
 0.141873 0.211579 0.16614
 0.150389 0.214086 0.168476
 0.159416 0.216742 0.170948
 0.168985 0.219557 0.173564
 0.179128 0.222539 0.176333
 0.189881 0.2257 0.179262
 0.201279 0.229048 0.182361
 0.21336 0.232596 0.185638
 0.226168 0.236354 0.189103
 0.239743 0.240336 0.192767
 0.254134 0.244555 0.196638
 0.269389 0.249023 0.200729
 0.285559 0.253755 0.205049
 0.3027 0.258767 0.209611
 0.32087 0.264075 0.214424
 0.34013 0.269695 0.219501
 0.360547 0.275645 0.224853
 0.382189 0.281943 0.23049
 0.40513 0.288607 0.236423
 0.429449 0.295659 0.242662
 0.455227 0.303118 0.249215
 0.482552 0.311004 0.256088
 0.511518 0.319338 0.263287
 0.542222 0.328142 0.270811
 0.574769 0.337434 0.278659
 0.60927 0.347234 0.28682
 0.645842 0.357555 0.295279
 0.68461 0.368409 0.30401
 0.725704 0.379798 0.312976
 0.769265 0.391712 0.322127
 0.815441 0.404121 0.331396
 0.864388 0.416962 0.340699
 0.916274 0.43012 0.349933
 0.971274 0.443403 0.358981
 1.02958 0.4565 0.36772
 1.09138 0.468957 0.376026
 1.15689 0.480207 0.38379
 1.22633 0.489733 0.39093
 1.29994 0.497298 0.397399
 1.37797 0.503034 0.403185
 1.46069 0.507296 0.408309
 1.54837 0.51047 0.412815
 1.64131 0.512866 0.41676
 1.73983 0.514711 0.420207
 1.84426 0.516161 0.42322
 1.95497 0.517321 0.425856
 2.07231 0.518266 0.428168
 2.19671 0.519047 0.430201
 2.32857 0.519701 0.431996
 2.46834 0.520256 0.433586
 2.6165 0.520731 0.434999
 2.77356 0.521141 0.436259
 2.94005 0.521499 0.437387
 3.11653 0.521812 0.4384
 3.3036 0.522088 0.439313
 3.5019 0.522334 0.440137
 3.71211 0.522552 0.440884
 3.93493 0.522748 0.441563
 4.17112 0.522925 0.442181
 4.4215 0.523084 0.442745
 4.6869 0.523228 0.44326
 4.96824 0.523358 0.443733
 5.26646 0.523477 0.444167
 5.58259 0.523586 0.444566
 5.91769 0.523686 0.444934
 6.2729 0.523777 0.445273
 6.64944 0.523861 0.445586
 7.04857 0.523938 0.445876
 7.47167 0.524009 0.446145
 7.92016 0.524075 0.446394
 8.39558 0.524136 0.446625
 8.89953 0.524192 0.446839
 9.43373 0.524244 0.447039
 10 0.524293 0.447225
