 t na nl no pur coh ent dist env
 0 1.33333 0.333333 0.333333 1 2 -2.22045e-16 1.73 1.73
 0.5 1.2353 0.413031 0.351674 0.712216 2.13896 0.596042 1.40275 1.71085
 1 1.18331 0.456523 0.360167 0.555711 2.06794 0.873082 1.25736 1.69191
 1.5 1.15414 0.485519 0.360343 0.461959 1.88406 1.05227 1.17802 1.67318
 2 1.12504 0.520128 0.35483 0.399222 1.67312 1.18422 1.10075 1.65466
 2.5 1.08401 0.569403 0.346588 0.353874 1.48876 1.28712 1.02479 1.63634
 3 1.03278 0.628796 0.338421 0.320013 1.34534 1.36827 0.952374 1.61823
 3.5 0.98181 0.685431 0.33276 0.294383 1.22588 1.43222 0.885825 1.60032
 4 0.941614 0.726859 0.331527 0.27457 1.1105 1.48305 0.825906 1.5826
 4.5 0.916183 0.747836 0.335982 0.258748 0.996447 1.52442 0.771906 1.56508
 5 0.901458 0.751995 0.346547 0.245706 0.897554 1.559 0.728604 1.54776
 5.5 0.888693 0.748575 0.362731 0.234737 0.814473 1.58852 0.701523 1.53062
 6 0.869904 0.74687 0.383226 0.225471 0.745153 1.61393 0.675756 1.51368
 6.5 0.842044 0.751757 0.406199 0.217704 0.69368 1.63574 0.650972 1.49692
 7 0.807884 0.762444 0.429672 0.211268 0.657261 1.65432 0.627047 1.48035
 7.5 0.773766 0.774369 0.451864 0.205953 0.626284 1.6701 0.60406 1.46397
 8 0.746037 0.782551 0.471412 0.201516 0.599833 1.68356 0.582132 1.44776
 8.5 0.728163 0.784367 0.48747 0.197739 0.569223 1.69517 0.561255 1.43173
 9 0.719753 0.780533 0.499714 0.194449 0.536307 1.70536 0.541276 1.41589
 9.5 0.71755 0.774163 0.508286 0.191525 0.501878 1.71443 0.522024 1.40021
 10 0.717537 0.768767 0.513696 0.188891 0.465259 1.72259 0.503413 1.38471
 10.5 0.716884 0.766414 0.516701 0.186512 0.426184 1.72995 0.485486 1.36938
 11 0.714795 0.767005 0.5182 0.184381 0.38739 1.73653 0.468413 1.35423
 11.5 0.71207 0.768816 0.519114 0.182501 0.353372 1.74235 0.45244 1.33923
 12 0.709952 0.769758 0.52029 0.180858 0.319414 1.74745 0.437754 1.32441
 12.5 0.709056 0.768534 0.522409 0.17942 0.28596 1.75193 0.424366 1.30975
 13 0.708937 0.76514 0.525923 0.178146 0.260286 1.75591 0.412088 1.29525
 13.5 0.708391 0.760588 0.531021 0.176999 0.247532 1.7595 0.40065 1.28091
 14 0.706177 0.75618 0.537643 0.175952 0.236291 1.76279 0.389806 1.26673
 14.5 0.701689 0.752791 0.54552 0.174993 0.224309 1.76581 0.379395 1.25271
 15 0.695211 0.750535 0.554254 0.174118 0.21182 1.76857 0.369331 1.23884
 15.5 0.68771 0.748893 0.563397 0.173329 0.198441 1.77107 0.359583 1.22513
 16 0.680345 0.747136 0.572519 0.172623 0.183368 1.77331 0.350133 1.21157
 16.5 0.673998 0.74474 0.581263 0.171994 0.170133 1.7753 0.340947 1.19816
 17 0.669034 0.741604 0.589362 0.171434 0.157994 1.77708 0.331973 1.18489
 17.5 0.665339 0.738003 0.596658 0.170934 0.14912 1.77866 0.323162 1.17178
 18 0.662548 0.734358 0.603094 0.170487 0.141818 1.78007 0.314496 1.15881
 18.5 0.660306 0.730994 0.6087 0.170086 0.132904 1.78134 0.306005 1.14598
 19 0.658415 0.728002 0.613583 0.169726 0.12203 1.78246 0.297752 1.13329
 19.5 0.656849 0.725255 0.617896 0.169406 0.110462 1.78346 0.289818 1.12075
 20 0.655638 0.722537 0.621825 0.169123 0.100847 1.78434 0.282274 1.10834
 20.5 0.654755 0.719689 0.625556 0.168873 0.0952588 1.78512 0.275156 1.09607
 21 0.654053 0.716693 0.629254 0.168652 0.0915808 1.7858 0.268455 1.08394
 21.5 0.653288 0.713662 0.63305 0.168455 0.0898671 1.78641 0.262127 1.07194
 22 0.652211 0.71076 0.637029 0.168278 0.0895164 1.78695 0.256113 1.06007
 22.5 0.65066 0.708112 0.641228 0.16812 0.0878199 1.78743 0.250359 1.04834
 23 0.648612 0.705743 0.645645 0.167981 0.0845732 1.78786 0.24482 1.03673
 23.5 0.646175 0.703581 0.650244 0.16786 0.0800092 1.78822 0.239465 1.02526
 24 0.64353 0.701503 0.654967 0.167758 0.0745094 1.78853 0.234264 1.01391
 24.5 0.640859 0.699395 0.659745 0.167675 0.0683908 1.78878 0.229194 1.00269
 25 0.638296 0.697194 0.66451 0.167611 0.0619246 1.78897 0.224226 0.991586
 25.5 0.635909 0.694898 0.669193 0.167565 0.0554462 1.78911 0.21934 0.980609
 26 0.633717 0.692545 0.673738 0.167535 0.0494541 1.78919 0.21452 0.969754
 26.5 0.631715 0.690182 0.678103 0.167519 0.0442064 1.78924 0.209766 0.959019
 27 0.629897 0.687844 0.682259 0.167517 0.0399364 1.78924 0.205088 0.948403
 27.5 0.628261 0.685543 0.686196 0.167526 0.0374993 1.78921 0.200504 0.937905
 28 0.626802 0.683278 0.68992 0.167546 0.0372577 1.78914 0.196035 0.927522
 28.5 0.625498 0.681052 0.69345 0.167576 0.0386582 1.78905 0.191698 0.917255
 29 0.62431 0.678874 0.696816 0.167613 0.0407378 1.78893 0.187503 0.907101
 29.5 0.62318 0.676766 0.700054 0.167657 0.0428266 1.7888 0.18345 0.89706
 30 0.62205 0.674751 0.703199 0.167708 0.0444254 1.78864 0.179533 0.88713
 30.5 0.62087 0.672843 0.706287 0.167764 0.0453713 1.78847 0.175743 0.877309
 31 0.619615 0.671039 0.709345 0.167824 0.0456873 1.78828 0.172069 0.867598
 31.5 0.618284 0.669319 0.712397 0.16789 0.0454519 1.78808 0.168502 0.857994
 32 0.616894 0.667653 0.715453 0.167961 0.0447699 1.78787 0.165031 0.848496
 32.5 0.615471 0.66601 0.71852 0.168037 0.0437675 1.78764 0.161646 0.839103
 33 0.614041 0.664367 0.721592 0.168118 0.042545 1.78739 0.158338 0.829815
 33.5 0.612627 0.662714 0.724659 0.168204 0.0412776 1.78714 0.155099 0.820629
 34 0.611243 0.661052 0.727706 0.168295 0.0401392 1.78686 0.151919 0.811545
 34.5 0.6099 0.659386 0.730714 0.168391 0.0391413 1.78658 0.148796 0.802561
 35 0.608605 0.657729 0.733666 0.168492 0.0382365 1.78628 0.145728 0.793677
 35.5 0.607365 0.656091 0.736544 0.168596 0.0374729 1.78597 0.142714 0.784891
 36 0.606181 0.654482 0.739337 0.168704 0.036915 1.78565 0.139759 0.776203
 36.5 0.605054 0.652909 0.742037 0.168815 0.0365667 1.78532 0.136864 0.767611
 37 0.603977 0.65138 0.744643 0.168928 0.0364646 1.78499 0.134033 0.759113
 37.5 0.602942 0.6499 0.747158 0.169043 0.0366169 1.78465 0.131267 0.75071
 38 0.601939 0.648471 0.74959 0.16916 0.0370471 1.7843 0.128567 0.7424
 38.5 0.600957 0.647093 0.75195 0.169277 0.0377049 1.78396 0.12593 0.734182
 39 0.599987 0.645762 0.754251 0.169396 0.0384283 1.78361 0.123357 0.726055
 39.5 0.599026 0.64447 0.756504 0.169516 0.0394595 1.78326 0.120846 0.718018
 40 0.598071 0.643207 0.758722 0.169636 0.0406581 1.78291 0.118393 0.710069
 40.5 0.597124 0.641965 0.760911 0.169757 0.0415835 1.78255 0.115997 0.702209
 41 0.596186 0.640736 0.763078 0.169878 0.0422249 1.7822 0.113654 0.694436
 41.5 0.595258 0.639518 0.765224 0.170001 0.0426021 1.78185 0.111363 0.686749
 42 0.594342 0.63831 0.767348 0.170124 0.042736 1.78149 0.10912 0.679147
 42.5 0.59344 0.637113 0.769447 0.170247 0.0426522 1.78113 0.106923 0.671629
 43 0.592551 0.635933 0.771516 0.170372 0.0423675 1.78077 0.104769 0.664194
 43.5 0.591679 0.634772 0.773549 0.170496 0.0418841 1.78041 0.102658 0.656841
 44 0.590824 0.633636 0.77554 0.170621 0.0412356 1.78005 0.100589 0.64957
 44.5 0.589988 0.632526 0.777486 0.170747 0.0404994 1.77969 0.0985602 0.64238
 45 0.589172 0.631445 0.779383 0.170872 0.0397511 1.77933 0.0965718 0.635269
 45.5 0.588377 0.630393 0.781231 0.170997 0.0400704 1.77897 0.0946233 0.628237
 46 0.587601 0.629369 0.78303 0.171122 0.0407776 1.77861 0.0927144 0.621282
 46.5 0.586845 0.628372 0.784783 0.171246 0.0418308 1.77825 0.0908446 0.614405
 47 0.586108 0.627399 0.786493 0.17137 0.0428888 1.7779 0.0890136 0.607604
 47.5 0.585388 0.626446 0.788165 0.171493 0.0438606 1.77754 0.0872209 0.600878
 48 0.584686 0.625512 0.789802 0.171616 0.0447014 1.77719 0.0854659 0.594226
 48.5 0.583999 0.624592 0.791409 0.171737 0.045387 1.77685 0.0837481 0.587648
 49 0.583326 0.623687 0.792987 0.171858 0.0459067 1.7765 0.0820676 0.581143
 49.5 0.582667 0.622794 0.794539 0.171978 0.0462578 1.77616 0.0804358 0.57471
 50 0.582018 0.621915 0.796066 0.172097 0.0464437 1.77582 0.0788373 0.568348
 50.5 0.581381 0.621051 0.797568 0.172215 0.0464741 1.77549 0.0772714 0.562057
 51 0.580752 0.620203 0.799045 0.172333 0.0463744 1.77515 0.0757373 0.555835
 51.5 0.580133 0.619373 0.800495 0.172449 0.046198 1.77482 0.0742341 0.549682
 52 0.579523 0.61856 0.801917 0.172565 0.0460329 1.77449 0.0727609 0.543597
 52.5 0.578922 0.617767 0.803311 0.17268 0.0459918 1.77417 0.0713168 0.53758
 53 0.578331 0.616992 0.804676 0.172793 0.0461595 1.77385 0.0699012 0.531629
 53.5 0.577752 0.616236 0.806012 0.172906 0.0465443 1.77353 0.0685133 0.525744
 54 0.577185 0.615497 0.807318 0.173018 0.0470733 1.77321 0.0671524 0.519924
 54.5 0.57663 0.614773 0.808597 0.173128 0.0476479 1.7729 0.0658182 0.514169
 55 0.576088 0.614064 0.809848 0.173238 0.0482037 1.77259 0.06451 0.508477
 55.5 0.57556 0.613368 0.811072 0.173346 0.0487062 1.77228 0.0632276 0.502848
 56 0.575044 0.612685 0.812271 0.173453 0.0491367 1.77198 0.0619707 0.497282
 56.5 0.574541 0.612013 0.813447 0.173559 0.0494858 1.77168 0.0607387 0.491777
 57 0.574049 0.611352 0.814599 0.173663 0.0497514 1.77139 0.0595315 0.486333
 57.5 0.573568 0.610703 0.815729 0.173767 0.0499381 1.7711 0.0583486 0.48095
 58 0.573096 0.610066 0.816837 0.173869 0.0500577 1.77081 0.0571895 0.475626
 58.5 0.572633 0.609442 0.817925 0.173969 0.0501314 1.77053 0.0560537 0.470361
 59 0.572179 0.60883 0.818991 0.174069 0.0501888 1.77025 0.0549408 0.465154
 59.5 0.571731 0.608232 0.820037 0.174167 0.0502643 1.76997 0.0538501 0.460005
 60 0.571291 0.607646 0.821062 0.174265 0.0503889 1.7697 0.0527812 0.454913
 60.5 0.570859 0.607074 0.822067 0.17436 0.0505799 1.76943 0.0517335 0.449877
 61 0.570433 0.606514 0.823052 0.174455 0.0508356 1.76917 0.0507065 0.444897
 61.5 0.570016 0.605967 0.824017 0.174548 0.0511379 1.76891 0.0496997 0.439972
 62 0.569606 0.60543 0.824963 0.174641 0.051461 1.76865 0.0487127 0.435102
 62.5 0.569205 0.604905 0.82589 0.174732 0.0517808 1.76839 0.0477452 0.430285
 63 0.568813 0.604389 0.826799 0.174821 0.0520788 1.76814 0.0467968 0.425522
 63.5 0.568429 0.603882 0.827689 0.17491 0.052343 1.7679 0.0458671 0.420812
 64 0.568054 0.603385 0.828561 0.174997 0.0525679 1.76765 0.0449559 0.416154
 64.5 0.567687 0.602897 0.829417 0.175083 0.0527527 1.76741 0.0440628 0.411547
 65 0.567328 0.602417 0.830255 0.175168 0.0529017 1.76718 0.0431875 0.406991
 65.5 0.566977 0.601947 0.831076 0.175251 0.0530232 1.76694 0.0423297 0.402486
 66 0.566632 0.601486 0.831882 0.175333 0.053129 1.76671 0.0414891 0.398031
 66.5 0.566295 0.601035 0.832671 0.175414 0.0532325 1.76649 0.0406652 0.393624
 67 0.565964 0.600592 0.833444 0.175494 0.0533467 1.76627 0.0398578 0.389267
 67.5 0.565639 0.60016 0.834202 0.175573 0.0534814 1.76605 0.0390664 0.384958
 68 0.56532 0.599736 0.834944 0.17565 0.053641 1.76583 0.0382908 0.380697
 68.5 0.565006 0.599322 0.835672 0.175727 0.0538239 1.76562 0.0375305 0.376483
 69 0.564699 0.598916 0.836385 0.175802 0.0540234 1.76541 0.0367853 0.372315
 69.5 0.564397 0.598518 0.837084 0.175876 0.0542301 1.76521 0.0360548 0.368194
 70 0.564102 0.598128 0.83777 0.175949 0.0544341 1.765 0.0353388 0.364118
 70.5 0.563812 0.597746 0.838442 0.17602 0.054627 1.7648 0.034637 0.360087
 71 0.563528 0.597371 0.839101 0.176091 0.054803 1.76461 0.0339491 0.356101
 71.5 0.56325 0.597003 0.839746 0.17616 0.0549592 1.76442 0.0332748 0.352159
 72 0.562978 0.596642 0.84038 0.176228 0.0550954 1.76423 0.032614 0.348261
 72.5 0.562711 0.596288 0.841 0.176296 0.0552142 1.76404 0.0319663 0.344406
 73 0.56245 0.595941 0.841609 0.176362 0.0553201 1.76386 0.0313315 0.340593
 73.5 0.562195 0.5956 0.842205 0.176427 0.0554189 1.76368 0.0307093 0.336823
 74 0.561944 0.595267 0.842789 0.176491 0.0555168 1.7635 0.0300995 0.333094
 74.5 0.561699 0.59494 0.843362 0.176554 0.0556192 1.76332 0.0295018 0.329407
 75 0.561458 0.59462 0.843923 0.176616 0.0557299 1.76315 0.028916 0.325761
 75.5 0.561221 0.594306 0.844472 0.176677 0.0558505 1.76298 0.0283419 0.322155
 76 0.56099 0.593999 0.845011 0.176737 0.0559803 1.76282 0.0277791 0.318589
 76.5 0.560762 0.593699 0.845539 0.176795 0.0561163 1.76266 0.0272275 0.315062
 77 0.56054 0.593404 0.846056 0.176853 0.0562549 1.7625 0.0266868 0.311574
 77.5 0.560321 0.593115 0.846563 0.17691 0.0563916 1.76234 0.0261569 0.308125
 78 0.560107 0.592832 0.847061 0.176966 0.0565227 1.76218 0.0256374 0.304714
 78.5 0.559897 0.592555 0.847548 0.177021 0.0566454 1.76203 0.0251283 0.301341
 79 0.559692 0.592282 0.848026 0.177075 0.0567582 1.76188 0.0246292 0.298005
 79.5 0.55949 0.592015 0.848494 0.177128 0.056861 1.76174 0.0241401 0.294707
 80 0.559293 0.591753 0.848953 0.177181 0.0569551 1.76159 0.0236608 0.291444
 80.5 0.5591 0.591497 0.849404 0.177232 0.0570424 1.76145 0.0231909 0.288218
 81 0.55891 0.591245 0.849845 0.177282 0.0571258 1.76131 0.0227304 0.285028
 81.5 0.558725 0.590998 0.850277 0.177332 0.0572078 1.76117 0.0222791 0.281872
 82 0.558542 0.590757 0.850701 0.177381 0.0572911 1.76104 0.0218367 0.278752
 82.5 0.558364 0.59052 0.851116 0.177428 0.0573771 1.76091 0.0214031 0.275667
 83 0.558189 0.590288 0.851523 0.177475 0.0574666 1.76078 0.0209781 0.272615
 83.5 0.558017 0.590061 0.851922 0.177522 0.0575593 1.76065 0.0205615 0.269597
 84 0.557849 0.589838 0.852313 0.177567 0.0576542 1.76053 0.0201532 0.266613
 84.5 0.557684 0.58962 0.852696 0.177612 0.0577496 1.7604 0.019753 0.263662
 85 0.557523 0.589406 0.853071 0.177655 0.0578437 1.76028 0.0193608 0.260743
 85.5 0.557364 0.589196 0.853439 0.177698 0.0579349 1.76016 0.0189763 0.257857
 86 0.557209 0.588991 0.8538 0.177741 0.058022 1.76005 0.0185995 0.255002
 86.5 0.557057 0.588789 0.854154 0.177782 0.0581041 1.75993 0.0182301 0.252179
 87 0.556908 0.588592 0.8545 0.177823 0.0581812 1.75982 0.0178681 0.249388
 87.5 0.556762 0.588398 0.85484 0.177863 0.0582538 1.75971 0.0175133 0.246627
 88 0.556619 0.588208 0.855173 0.177902 0.0583229 1.7596 0.0171655 0.243897
 88.5 0.556479 0.588022 0.8555 0.177941 0.0583894 1.7595 0.0168247 0.241197
 89 0.556341 0.587839 0.85582 0.177979 0.0584548 1.75939 0.0164906 0.238527
 89.5 0.556206 0.58766 0.856133 0.178016 0.05852 1.75929 0.0161631 0.235887
 90 0.556074 0.587485 0.856441 0.178052 0.0585857 1.75919 0.0158422 0.233276
 90.5 0.555945 0.587314 0.856742 0.178088 0.0586522 1.75909 0.0155276 0.230693
 91 0.555818 0.587145 0.857037 0.178123 0.0587196 1.75899 0.0152193 0.22814
 91.5 0.555693 0.58698 0.857326 0.178158 0.0587873 1.7589 0.0149171 0.225614
 92 0.555571 0.586819 0.85761 0.178192 0.0588548 1.75881 0.0146209 0.223117
 92.5 0.555451 0.586661 0.857888 0.178225 0.0589213 1.75871 0.0143305 0.220647
 93 0.555334 0.586505 0.85816 0.178258 0.058986 1.75862 0.0140459 0.218204
 93.5 0.555219 0.586353 0.858427 0.17829 0.0590485 1.75854 0.013767 0.215789
 94 0.555107 0.586204 0.858689 0.178322 0.0591084 1.75845 0.0134936 0.2134
 94.5 0.554997 0.586058 0.858946 0.178353 0.0591658 1.75836 0.0132257 0.211038
 95 0.554888 0.585914 0.859197 0.178383 0.0592207 1.75828 0.0129631 0.208702
 95.5 0.554782 0.585774 0.859444 0.178413 0.0592736 1.7582 0.0127056 0.206392
 96 0.554679 0.585636 0.859685 0.178442 0.0593251 1.75812 0.0124533 0.204107
 96.5 0.554577 0.585501 0.859922 0.178471 0.0593755 1.75804 0.0122061 0.201847
 97 0.554477 0.585369 0.860154 0.178499 0.0594253 1.75796 0.0119637 0.199613
 97.5 0.554379 0.585239 0.860382 0.178527 0.059475 1.75789 0.0117261 0.197403
 98 0.554283 0.585112 0.860605 0.178554 0.0595245 1.75781 0.0114933 0.195218
 98.5 0.554189 0.584988 0.860823 0.17858 0.059574 1.75774 0.0112651 0.193057
 99 0.554097 0.584866 0.861037 0.178606 0.0596232 1.75767 0.0110414 0.19092
 99.5 0.554007 0.584746 0.861247 0.178632 0.0596718 1.7576 0.0108221 0.188807
 100 0.553918 0.584629 0.861453 0.178657 0.0597197 1.75753 0.0106072 0.186717
 100.5 0.553832 0.584514 0.861655 0.178682 0.0597664 1.75746 0.0103966 0.18465
 101 0.553747 0.584401 0.861852 0.178706 0.0598118 1.75739 0.0101901 0.182606
 101.5 0.553663 0.584291 0.862046 0.17873 0.0598558 1.75733 0.00998778 0.180584
 102 0.553582 0.584182 0.862236 0.178753 0.0598983 1.75727 0.00978945 0.178585
 102.5 0.553502 0.584076 0.862422 0.178776 0.0599394 1.7572 0.00959506 0.176608
 103 0.553423 0.583972 0.862604 0.178799 0.0599793 1.75714 0.00940453 0.174653
 103.5 0.553346 0.58387 0.862783 0.178821 0.0600182 1.75708 0.00921778 0.17272
 104 0.553271 0.583771 0.862959 0.178842 0.0600564 1.75702 0.00903474 0.170808
 104.5 0.553197 0.583673 0.86313 0.178863 0.060094 1.75696 0.00885534 0.168917
 105 0.553125 0.583577 0.863299 0.178884 0.0601311 1.75691 0.0086795 0.167047
 105.5 0.553054 0.583483 0.863464 0.178905 0.060168 1.75685 0.00850715 0.165198
 106 0.552984 0.58339 0.863625 0.178925 0.0602044 1.7568 0.00833822 0.16337
 106.5 0.552916 0.5833 0.863784 0.178944 0.0602405 1.75674 0.00817265 0.161561
 107 0.552849 0.583212 0.863939 0.178963 0.060276 1.75669 0.00801037 0.159773
 107.5 0.552784 0.583125 0.864092 0.178982 0.0603109 1.75664 0.0078513 0.158004
 108 0.552719 0.58304 0.864241 0.179001 0.060345 1.75659 0.00769539 0.156255
 108.5 0.552656 0.582956 0.864387 0.179019 0.0603782 1.75654 0.00754258 0.154525
 109 0.552595 0.582875 0.864531 0.179037 0.0604106 1.75649 0.00739281 0.152815
 109.5 0.552534 0.582795 0.864671 0.179054 0.0604421 1.75644 0.00724601 0.151123
 110 0.552475 0.582716 0.864809 0.179072 0.0604727 1.75639 0.00710212 0.14945
 110.5 0.552417 0.582639 0.864944 0.179088 0.0605025 1.75635 0.00696109 0.147796
 111 0.55236 0.582564 0.865076 0.179105 0.0605317 1.7563 0.00682286 0.14616
 111.5 0.552304 0.58249 0.865206 0.179121 0.0605603 1.75626 0.00668738 0.144542
 112 0.55225 0.582417 0.865333 0.179137 0.0605884 1.75621 0.00655459 0.142942
 112.5 0.552196 0.582346 0.865458 0.179153 0.0606161 1.75617 0.00642444 0.14136
 113 0.552143 0.582277 0.86558 0.179168 0.0606434 1.75613 0.00629687 0.139795
 113.5 0.552092 0.582208 0.8657 0.179183 0.0606704 1.75609 0.00617183 0.138247
 114 0.552041 0.582141 0.865817 0.179198 0.0606969 1.75605 0.00604927 0.136717
 114.5 0.551992 0.582076 0.865932 0.179212 0.060723 1.75601 0.00592915 0.135204
 115 0.551944 0.582012 0.866045 0.179226 0.0607485 1.75597 0.00581142 0.133707
 115.5 0.551896 0.581949 0.866155 0.17924 0.0607736 1.75593 0.00569602 0.132227
 116 0.551849 0.581887 0.866264 0.179254 0.0607981 1.75589 0.00558291 0.130763
 116.5 0.551804 0.581827 0.86637 0.179267 0.060822 1.75586 0.00547205 0.129316
 117 0.551759 0.581767 0.866474 0.17928 0.0608453 1.75582 0.00536339 0.127884
 117.5 0.551715 0.581709 0.866576 0.179293 0.060868 1.75579 0.00525689 0.126468
 118 0.551672 0.581652 0.866676 0.179305 0.0608903 1.75575 0.0051525 0.125068
 118.5 0.55163 0.581596 0.866774 0.179318 0.060912 1.75572 0.00505018 0.123684
 119 0.551589 0.581542 0.86687 0.17933 0.0609333 1.75569 0.0049499 0.122315
 119.5 0.551548 0.581488 0.866964 0.179342 0.0609543 1.75565 0.00485161 0.120961
 120 0.551509 0.581435 0.867056 0.179353 0.0609748 1.75562 0.00475527 0.119622
