 N raw zne zneMan
 100 0.1 0.228446 0.181659
 112.421 0.094314 0.215456 0.17133
 126.385 0.0889513 0.203206 0.161588
 142.083 0.0838936 0.191651 0.1524
 159.731 0.0791234 0.180754 0.143735
 179.571 0.0746245 0.170477 0.135562
 201.876 0.0703814 0.160783 0.127854
 226.951 0.0663795 0.151641 0.120584
 255.141 0.0626052 0.143019 0.113728
 286.832 0.0590455 0.134887 0.107261
 322.459 0.0556881 0.127217 0.101163
 362.512 0.0525217 0.119984 0.0954105
 407.539 0.0495354 0.113161 0.0899854
 458.16 0.0467188 0.106727 0.0848689
 515.068 0.0440624 0.100659 0.0800433
 579.044 0.041557 0.0949352 0.075492
 650.968 0.0391941 0.0895372 0.0711996
 731.824 0.0369655 0.0844462 0.0671512
 822.724 0.0348637 0.0796446 0.063333
 924.915 0.0328813 0.075116 0.0597319
 1039.8 0.0310117 0.0708449 0.0563355
 1168.95 0.0292484 0.0668167 0.0531323
 1314.15 0.0275853 0.0630175 0.0501112
 1477.38 0.0260168 0.0594343 0.0472619
 1660.88 0.0245375 0.0560549 0.0445746
 1867.18 0.0231423 0.0528677 0.0420401
 2099.1 0.0218264 0.0498616 0.0396497
 2359.83 0.0205854 0.0470265 0.0373952
 2652.95 0.0194149 0.0443526 0.035269
 2982.47 0.018311 0.0418307 0.0332636
 3352.92 0.0172698 0.0394522 0.0313722
 3769.39 0.0162879 0.037209 0.0295884
 4237.59 0.0153617 0.0350933 0.027906
 4763.94 0.0144883 0.0330979 0.0263193
 5355.67 0.0136645 0.0312159 0.0248228
 6020.89 0.0128875 0.029441 0.0234114
 6768.75 0.0121547 0.027767 0.0220802
 7609.5 0.0114636 0.0261882 0.0208247
 8554.67 0.0108118 0.0246991 0.0196406
 9617.25 0.0101971 0.0232947 0.0185239
 10811.8 0.00961725 0.0219702 0.0174706
 12154.7 0.00907041 0.020721 0.0164772
 13664.5 0.00855467 0.0195428 0.0155403
 15361.7 0.00806826 0.0184316 0.0146567
 17269.8 0.0076095 0.0173836 0.0138233
 19414.9 0.00717682 0.0163952 0.0130373
 21826.4 0.00676875 0.0154629 0.012296
 24537.5 0.00638388 0.0145837 0.0115969
 27585.3 0.00602089 0.0137545 0.0109375
 31011.7 0.00567855 0.0129724 0.0103156
 34863.7 0.00535567 0.0122348 0.00972905
 39194.1 0.00505114 0.0115391 0.00917586
 44062.4 0.00476394 0.010883 0.00865412
 49535.4 0.00449306 0.0102642 0.00816205
 55688.1 0.00423759 0.00968059 0.00769796
 62605.2 0.00399664 0.00913016 0.00726026
 70381.4 0.00376939 0.00861102 0.00684744
 79123.4 0.00355506 0.0081214 0.00645809
 88951.3 0.00335292 0.00765962 0.00609089
 100000 0.00316228 0.00722409 0.00574456
