 n s05 s10 s05k s10k
 10 1.37336 0.434294 0.137336 0.0434294
 11.2332 1.55648 0.464399 0.155648 0.0464399
 12.6186 1.76811 0.497741 0.176811 0.0497741
 14.1747 2.01274 0.534601 0.201274 0.0534601
 15.9228 2.29564 0.575298 0.229564 0.0575298
 17.8865 2.62292 0.620188 0.262292 0.0620188
 20.0923 3.00176 0.669669 0.300176 0.0669669
 22.5702 3.44047 0.724186 0.344047 0.0724186
 25.3536 3.9488 0.784233 0.39488 0.0784233
 28.4804 4.53811 0.850359 0.453811 0.0850359
 31.9927 5.22166 0.923174 0.522166 0.0923174
 35.9381 6.01495 1.00335 0.601495 0.100335
 40.3702 6.93607 1.09165 0.693607 0.109165
 45.3488 8.00616 1.18889 0.800616 0.118889
 50.9414 9.24994 1.296 0.924994 0.1296
 57.2237 10.6963 1.41399 1.06963 0.141399
 64.2807 12.3791 1.544 1.23791 0.1544
 72.2081 14.3377 1.68728 1.43377 0.168728
 81.1131 16.6186 1.84522 1.66186 0.184522
 91.1163 19.2758 2.01936 1.92758 0.201936
 102.353 22.3727 2.2114 2.23727 0.22114
 114.976 25.9835 2.42323 2.59835 0.242323
 129.155 30.1953 2.65696 3.01953 0.265696
 145.083 35.1099 2.91489 3.51099 0.291489
 162.975 40.8467 3.19961 4.08467 0.319961
 183.074 47.5457 3.51397 4.75457 0.351397
 205.651 55.3708 3.86114 5.53708 0.386114
 231.013 64.5146 4.24463 6.45146 0.424463
 259.502 75.2028 4.66835 7.52028 0.466835
 291.505 87.7 5.1366 8.77 0.51366
 327.455 102.317 5.65421 10.2317 0.565421
 367.838 119.418 6.22648 11.9418 0.622648
 413.201 139.432 6.85932 13.9432 0.685932
 464.159 162.86 7.55931 16.286 0.755931
 521.401 190.294 8.33372 19.0294 0.833372
 585.702 222.425 9.19064 22.2425 0.919064
 657.933 260.069 10.139 26.0069 1.0139
 739.072 304.181 11.1889 30.4181 1.11889
 830.218 355.885 12.3513 35.5885 1.23513
 932.603 416.503 13.6386 41.6503 1.36386
 1047.62 487.586 15.0643 48.7586 1.50643
 1176.81 570.961 16.6438 57.0961 1.66438
 1321.94 668.774 18.3939 66.8774 1.83939
 1484.97 783.548 20.3333 78.3548 2.03333
 1668.1 918.253 22.4828 91.8253 2.24828
 1873.82 1076.38 24.8658 107.638 2.48658
 2104.9 1262.04 27.5078 126.204 2.75078
 2364.49 1480.06 30.4376 148.006 3.04376
 2656.09 1736.13 33.687 173.613 3.3687
 2983.65 2036.96 37.2914 203.696 3.72914
 3351.6 2390.41 41.2902 239.041 4.12902
 3764.94 2805.77 45.7271 280.577 4.57271
 4229.24 3293.97 50.651 329.397 5.0651
 4750.81 3867.85 56.1159 386.785 5.61159
 5336.7 4542.58 62.1822 454.258 6.21822
 5994.84 5335.98 68.9169 533.598 6.89169
 6734.15 6269.09 76.3947 626.909 7.63947
 7564.63 7366.65 84.6986 736.665 8.46986
 8497.53 8657.83 93.921 865.783 9.3921
 9545.48 10177 104.165 1017.7 10.4165
 10722.7 11964.7 115.545 1196.47 11.5545
 12045 14068.6 128.188 1406.86 12.8188
 13530.5 16545 142.236 1654.5 14.2236
 15199.1 19460.2 157.847 1946.02 15.7847
 17073.5 22892.3 175.198 2289.23 17.5198
 19179.1 26933.7 194.483 2693.37 19.4483
 21544.3 31692.9 215.921 3169.29 21.5921
 24201.3 37298.2 239.755 3729.82 23.9755
 27185.9 43900.6 266.255 4390.06 26.6255
 30538.6 51678.4 295.723 5167.84 29.5723
 34304.7 60842 328.493 6084.2 32.8493
 38535.3 71639.3 364.941 7163.93 36.4941
 43287.6 84363.1 405.481 8436.31 40.5481
 48626 99358.4 450.578 9935.84 45.0578
 54622.8 117033 500.749 11703.3 50.0749
 61359.1 137867 556.57 13786.7 55.657
 68926.1 162428 618.682 16242.8 61.8682
 77426.4 191385 687.801 19138.5 68.7801
 86974.9 225529 764.724 22552.9 76.4724
 97701 265791 850.338 26579.1 85.0338
 109750 313274 945.634 31327.4 94.5634
 123285 369277 1051.71 36927.7 105.171
 138489 435334 1169.81 43533.4 116.981
 155568 513257 1301.29 51325.7 130.129
 174753 605185 1447.69 60518.5 144.769
 196304 713645 1610.71 71364.5 161.071
 220513 841619 1792.25 84161.9 179.225
 247708 992630 1994.42 99263 199.442
 278256 1.17084e+06 2219.6 117084 221.96
 312572 1.38116e+06 2470.42 138116 247.042
 351119 1.6294e+06 2749.8 162940 274.98
 394421 1.92242e+06 3061.04 192242 306.104
 443062 2.26832e+06 3407.79 226832 340.779
 497702 2.67667e+06 3794.11 267667 379.411
 559081 3.15878e+06 4224.56 315878 422.456
 628029 3.72801e+06 4704.22 372801 470.422
 705480 4.40016e+06 5238.73 440016 523.873
 792483 5.19388e+06 5834.4 519388 583.44
 890215 6.13122e+06 6498.29 613122 649.829
 1e+06 7.23824e+06 7238.24 723824 723.824
