 t g0 g1 g2 g3
 0 1 1 1 1
 1.00671 0.989983 0.980067 0.95091 0.90423
 2.01342 0.980067 0.960532 0.90423 0.817633
 3.02013 0.97025 0.941385 0.859842 0.739328
 4.02685 0.960532 0.922621 0.817633 0.668523
 5.03356 0.95091 0.90423 0.777495 0.604499
 6.04027 0.941385 0.886206 0.739328 0.546606
 7.04698 0.931956 0.868542 0.703035 0.494258
 8.05369 0.922621 0.851229 0.668523 0.446923
 9.0604 0.913379 0.834262 0.635705 0.404121
 10.0671 0.90423 0.817633 0.604499 0.365419
 11.0738 0.895173 0.801335 0.574824 0.330423
 12.0805 0.886206 0.785362 0.546606 0.298778
 13.0872 0.87733 0.769707 0.519773 0.270164
 14.094 0.868542 0.754365 0.494258 0.244291
 15.1007 0.859842 0.739328 0.469995 0.220895
 16.1074 0.851229 0.724591 0.446923 0.19974
 17.1141 0.842703 0.710148 0.424984 0.180611
 18.1208 0.834262 0.695993 0.404121 0.163314
 19.1275 0.825905 0.68212 0.384283 0.147673
 20.1342 0.817633 0.668523 0.365419 0.133531
 21.1409 0.809443 0.655197 0.34748 0.120743
 22.1477 0.801335 0.642137 0.330423 0.109179
 23.1544 0.793308 0.629338 0.314202 0.0987231
 24.1611 0.785362 0.616793 0.298778 0.0892684
 25.1678 0.777495 0.604499 0.284111 0.0807192
 26.1745 0.769707 0.592449 0.270164 0.0729888
 27.1812 0.761997 0.58064 0.256902 0.0659987
 28.1879 0.754365 0.569066 0.244291 0.059678
 29.1946 0.746809 0.557723 0.232299 0.0539627
 30.2013 0.739328 0.546606 0.220895 0.0487947
 31.2081 0.731923 0.535711 0.210051 0.0441216
 32.2148 0.724591 0.525032 0.19974 0.0398961
 33.2215 0.717333 0.514567 0.189935 0.0360753
 34.2282 0.710148 0.50431 0.180611 0.0326204
 35.2349 0.703035 0.494258 0.171745 0.0294963
 36.2416 0.695993 0.484406 0.163314 0.0266715
 37.2483 0.689021 0.47475 0.155297 0.0241171
 38.255 0.68212 0.465287 0.147673 0.0218075
 39.2617 0.675287 0.456013 0.140424 0.019719
 40.2685 0.668523 0.446923 0.133531 0.0178305
 41.2752 0.661827 0.438014 0.126976 0.0161229
 42.2819 0.655197 0.429284 0.120743 0.0145788
 43.2886 0.648634 0.420727 0.114815 0.0131826
 44.2953 0.642137 0.41234 0.109179 0.0119201
 45.302 0.635705 0.404121 0.10382 0.0107785
 46.3087 0.629338 0.396066 0.0987231 0.00974625
 47.3154 0.623034 0.388171 0.0938768 0.00881286
 48.3221 0.616793 0.380434 0.0892684 0.00796885
 49.3289 0.610615 0.372851 0.0848863 0.00720568
 50.3356 0.604499 0.365419 0.0807192 0.00651559
 51.3423 0.598444 0.358135 0.0767567 0.0058916
 52.349 0.592449 0.350996 0.0729888 0.00532736
 53.3557 0.586515 0.344 0.0694058 0.00481716
 54.3624 0.58064 0.337143 0.0659987 0.00435582
 55.3691 0.574824 0.330423 0.0627588 0.00393867
 56.3758 0.569066 0.323836 0.059678 0.00356146
 57.3826 0.563366 0.317381 0.0567484 0.00322038
 58.3893 0.557723 0.311055 0.0539627 0.00291197
 59.396 0.552137 0.304855 0.0513136 0.00263309
 60.4027 0.546606 0.298778 0.0487947 0.00238092
 61.4094 0.541131 0.292823 0.0463994 0.0021529
 62.4161 0.535711 0.286986 0.0441216 0.00194672
 63.4228 0.530345 0.281265 0.0419557 0.00176028
 64.4295 0.525032 0.275659 0.0398961 0.0015917
 65.4362 0.519773 0.270164 0.0379376 0.00143926
 66.443 0.514567 0.264779 0.0360753 0.00130143
 67.4497 0.509413 0.259501 0.0343043 0.00117679
 68.4564 0.50431 0.254329 0.0326204 0.00106409
 69.4631 0.499259 0.249259 0.031019 0.00096218
 70.4698 0.494258 0.244291 0.0294963 0.000870033
 71.4765 0.489307 0.239421 0.0280483 0.00078671
 72.4832 0.484406 0.234649 0.0266715 0.000711367
 73.4899 0.479554 0.229972 0.0253622 0.00064324
 74.4966 0.47475 0.225388 0.0241171 0.000581637
 75.5034 0.469995 0.220895 0.0229332 0.000525934
 76.5101 0.465287 0.216492 0.0218075 0.000475565
 77.5168 0.460626 0.212177 0.0207369 0.00043002
 78.5235 0.456013 0.207947 0.019719 0.000388838
 79.5302 0.451445 0.203802 0.018751 0.000351599
 80.5369 0.446923 0.19974 0.0178305 0.000317926
 81.5436 0.442446 0.195759 0.0169552 0.000287479
 82.5503 0.438014 0.191857 0.0161229 0.000259947
 83.557 0.433627 0.188032 0.0153314 0.000235052
 84.5638 0.429284 0.184284 0.0145788 0.000212541
 85.5705 0.424984 0.180611 0.0138631 0.000192186
 86.5772 0.420727 0.177011 0.0131826 0.00017378
 87.5839 0.416512 0.173483 0.0125355 0.000157138
 88.5906 0.41234 0.170025 0.0119201 0.000142089
 89.5973 0.40821 0.166636 0.0113349 0.000128481
 90.604 0.404121 0.163314 0.0107785 0.000116176
 91.6107 0.400073 0.160059 0.0102494 0.00010505
 92.6174 0.396066 0.156868 0.00974625 9.49894e-05
 93.6242 0.392099 0.153741 0.00926781 8.58923e-05
 94.6309 0.388171 0.150677 0.00881286 7.76664e-05
 95.6376 0.384283 0.147673 0.00838024 7.02284e-05
 96.6443 0.380434 0.14473 0.00796885 6.35026e-05
 97.651 0.376623 0.141845 0.00757766 5.7421e-05
 98.6577 0.372851 0.139018 0.00720568 5.19218e-05
 99.6644 0.369116 0.136247 0.00685195 4.69493e-05
 100.671 0.365419 0.133531 0.00651559 4.2453e-05
 101.678 0.361758 0.130869 0.00619574 3.83872e-05
 102.685 0.358135 0.128261 0.0058916 3.47109e-05
 103.691 0.354548 0.125704 0.00560238 3.13867e-05
 104.698 0.350996 0.123198 0.00532736 2.83808e-05
 105.705 0.34748 0.120743 0.00506584 2.56628e-05
 106.711 0.344 0.118336 0.00481716 2.3205e-05
 107.718 0.340554 0.115977 0.00458069 2.09827e-05
 108.725 0.337143 0.113665 0.00435582 1.89732e-05
 109.732 0.333766 0.1114 0.004142 1.71561e-05
 110.738 0.330423 0.109179 0.00393867 1.55131e-05
 111.745 0.327113 0.107003 0.00374532 1.40274e-05
 112.752 0.323836 0.10487 0.00356146 1.2684e-05
 113.758 0.320593 0.10278 0.00338663 1.14693e-05
 114.765 0.317381 0.100731 0.00322038 1.03709e-05
 115.772 0.314202 0.0987231 0.0030623 9.37765e-06
 116.779 0.311055 0.0967553 0.00291197 8.47956e-06
 117.785 0.307939 0.0948267 0.00276902 7.66747e-06
 118.792 0.304855 0.0929365 0.00263309 6.93316e-06
 119.799 0.301801 0.091084 0.00250383 6.26918e-06
 120.805 0.298778 0.0892684 0.00238092 5.66878e-06
 121.812 0.295785 0.0874891 0.00226404 5.12588e-06
 122.819 0.292823 0.0857451 0.0021529 4.63498e-06
 123.826 0.28989 0.084036 0.00204721 4.19109e-06
 124.832 0.286986 0.0823609 0.00194672 3.78971e-06
 125.839 0.284111 0.0807192 0.00185115 3.42677e-06
 126.846 0.281265 0.0791103 0.00176028 3.09859e-06
 127.852 0.278448 0.0775334 0.00167387 2.80184e-06
 128.859 0.275659 0.0759879 0.0015917 2.53351e-06
 129.866 0.272898 0.0744732 0.00151356 2.29087e-06
 130.872 0.270164 0.0729888 0.00143926 2.07148e-06
 131.879 0.267458 0.0715339 0.00136861 1.87309e-06
 132.886 0.264779 0.070108 0.00130143 1.69371e-06
 133.893 0.262127 0.0687106 0.00123754 1.5315e-06
 134.899 0.259501 0.067341 0.00117679 1.38483e-06
 135.906 0.256902 0.0659987 0.00111902 1.25221e-06
 136.913 0.254329 0.0646831 0.00106409 1.13228e-06
 137.919 0.251781 0.0633938 0.00101185 1.02384e-06
 138.926 0.249259 0.0621302 0.00096218 9.25791e-07
 139.933 0.246763 0.0608917 0.000914947 8.37128e-07
 140.94 0.244291 0.059678 0.000870033 7.56957e-07
 141.946 0.241844 0.0584884 0.000827323 6.84463e-07
 142.953 0.239421 0.0573226 0.00078671 6.18912e-07
 143.96 0.237023 0.05618 0.000748091 5.59639e-07
 144.966 0.234649 0.0550602 0.000711367 5.06043e-07
 145.973 0.232299 0.0539627 0.000676446 4.57579e-07
 146.98 0.229972 0.052887 0.00064324 4.13757e-07
 147.987 0.227668 0.0518328 0.000611663 3.74132e-07
 148.993 0.225388 0.0507997 0.000581637 3.38301e-07
 150 0.22313 0.0497871 0.000553084 3.05902e-07
