 dic a2250 a2300 a2350 a2400
 1900 325.714 285 253.333 228
 1902.01 327.946 286.745 254.742 229.164
 1904.03 330.204 288.508 256.163 230.338
 1906.04 332.488 290.29 257.596 231.522
 1908.05 334.799 292.089 259.043 232.715
 1910.07 337.137 293.907 260.503 233.918
 1912.08 339.503 295.744 261.977 235.131
 1914.09 341.898 297.6 263.464 236.354
 1916.11 344.322 299.476 264.965 237.587
 1918.12 346.775 301.371 266.48 238.83
 1920.13 349.257 303.286 268.009 240.084
 1922.15 351.771 305.222 269.553 241.348
 1924.16 354.315 307.179 271.111 242.623
 1926.17 356.891 309.156 272.684 243.909
 1928.19 359.499 311.155 274.272 245.206
 1930.2 362.141 313.176 275.875 246.514
 1932.21 364.815 315.219 277.494 247.834
 1934.23 367.524 317.284 279.128 249.164
 1936.24 370.267 319.373 280.779 250.507
 1938.26 373.046 321.484 282.445 251.86
 1940.27 375.861 323.619 284.128 253.226
 1942.28 378.713 325.779 285.827 254.604
 1944.3 381.603 327.962 287.543 255.994
 1946.31 384.53 330.171 289.277 257.396
 1948.32 387.497 332.405 291.028 258.811
 1950.34 390.504 334.664 292.796 260.239
 1952.35 393.551 336.95 294.582 261.679
 1954.36 396.64 339.262 296.387 263.133
 1956.38 399.771 341.602 298.21 264.599
 1958.39 402.946 343.969 300.051 266.079
 1960.4 406.165 346.364 301.912 267.573
 1962.42 409.428 348.787 303.792 269.08
 1964.43 412.738 351.24 305.692 270.601
 1966.44 416.095 353.722 307.612 272.136
 1968.46 419.499 356.235 309.551 273.686
 1970.47 422.953 358.778 311.512 275.25
 1972.48 426.457 361.352 313.493 276.829
 1974.5 430.012 363.959 315.496 278.423
 1976.51 433.62 366.598 317.52 280.032
 1978.52 437.281 369.269 319.566 281.656
 1980.54 440.996 371.975 321.635 283.296
 1982.55 444.768 374.715 323.726 284.952
 1984.56 448.597 377.489 325.84 286.624
 1986.58 452.484 380.3 327.978 288.312
 1988.59 456.431 383.147 330.139 290.016
 1990.6 460.44 386.03 332.325 291.738
 1992.62 464.511 388.952 334.535 293.476
 1994.63 468.647 391.912 336.771 295.232
 1996.64 472.848 394.912 339.031 297.005
 1998.66 477.116 397.951 341.318 298.796
 2000.67 481.454 401.031 343.631 300.605
 2002.68 485.862 404.153 345.971 302.432
 2004.7 490.342 407.318 348.338 304.278
 2006.71 494.897 410.526 350.733 306.143
 2008.72 499.527 413.779 353.156 308.027
 2010.74 504.236 417.077 355.608 309.931
 2012.75 509.024 420.421 358.09 311.854
 2014.77 513.894 423.812 360.601 313.798
 2016.78 518.849 427.251 363.142 315.762
 2018.79 523.89 430.74 365.714 317.746
 2020.81 529.019 434.279 368.318 319.752
 2022.82 534.239 437.869 370.954 321.779
 2024.83 539.553 441.512 373.622 323.828
 2026.85 544.962 445.209 376.324 325.899
 2028.86 550.47 448.96 379.06 327.993
 2030.87 556.08 452.768 381.83 330.109
 2032.89 561.793 456.633 384.635 332.249
 2034.9 567.613 460.557 387.476 334.412
 2036.91 573.543 464.541 390.354 336.599
 2038.93 579.587 468.586 393.269 338.81
 2040.94 585.746 472.694 396.221 341.047
 2042.95 592.026 476.867 399.213 343.308
 2044.97 598.429 481.105 402.244 345.595
 2046.98 604.959 485.411 405.316 347.909
 2048.99 611.619 489.786 408.428 350.249
 2051.01 618.415 494.232 411.582 352.615
 2053.02 625.349 498.75 414.78 355.01
 2055.03 632.427 503.342 418.02 357.432
 2057.05 639.652 508.011 421.306 359.883
 2059.06 647.03 512.758 424.637 362.362
 2061.07 654.565 517.584 428.014 364.871
 2063.09 662.262 522.493 431.439 367.41
 2065.1 670.127 527.486 434.912 369.98
 2067.11 678.165 532.565 438.434 372.581
 2069.13 686.382 537.733 442.007 375.213
 2071.14 694.784 542.991 445.632 377.878
 2073.15 703.378 548.343 449.309 380.575
 2075.17 712.169 553.791 453.04 383.306
 2077.18 721.165 559.337 456.827 386.071
 2079.19 730.373 564.985 460.669 388.87
 2081.21 739.801 570.736 464.569 391.705
 2083.22 749.457 576.594 468.528 394.576
 2085.23 759.348 582.563 472.548 397.484
 2087.25 769.485 588.644 476.628 400.429
 2089.26 779.875 594.841 480.772 403.413
 2091.28 790.529 601.158 484.981 406.435
 2093.29 801.456 607.597 489.255 409.497
 2095.3 812.668 614.164 493.597 412.599
 2097.32 824.176 620.861 498.008 415.743
 2099.33 835.991 627.692 502.49 418.929
 2101.34 848.126 634.662 507.045 422.157
 2103.36 860.595 641.775 511.673 425.43
 2105.37 873.411 649.034 516.379 428.747
 2107.38 886.588 656.446 521.162 432.11
 2109.4 900.143 664.014 526.025 435.52
 2111.41 914.092 671.744 530.97 438.977
 2113.42 928.452 679.64 536 442.482
 2115.44 943.242 687.709 541.116 446.038
 2117.45 958.481 695.956 546.32 449.644
 2119.46 974.19 704.387 551.616 453.301
 2121.48 990.392 713.008 557.004 457.012
 2123.49 1007.11 721.825 562.489 460.777
 2125.5 1024.37 730.846 568.072 464.597
 2127.52 1042.19 740.078 573.756 468.473
 2129.53 1060.61 749.528 579.543 472.407
 2131.54 1079.66 759.203 585.438 476.4
 2133.56 1099.37 769.113 591.442 480.453
 2135.57 1119.77 779.265 597.559 484.569
 2137.58 1140.9 789.669 603.791 488.747
 2139.6 1162.8 800.335 610.144 492.99
 2141.61 1185.51 811.271 616.618 497.299
 2143.62 1209.09 822.489 623.22 501.675
 2145.64 1233.57 834 629.951 506.121
 2147.65 1259.02 845.815 636.816 510.638
 2149.66 1285.48 857.946 643.819 515.228
 2151.68 1313.04 870.407 650.964 519.892
 2153.69 1341.74 883.211 658.256 524.632
 2155.7 1371.67 896.372 665.699 529.451
 2157.72 1402.91 909.906 673.298 534.349
 2159.73 1435.54 923.828 681.058 539.33
 2161.74 1469.66 938.155 688.984 544.394
 2163.76 1505.37 952.906 697.081 549.545
 2165.77 1542.79 968.1 705.355 554.785
 2167.79 1582.04 983.756 713.812 560.116
 2169.8 1623.26 999.897 722.458 565.539
 2171.81 1666.61 1016.54 731.299 571.059
 2173.83 1712.25 1033.72 740.343 576.677
 2175.84 1760.36 1051.46 749.595 582.395
 2177.85 1811.16 1069.78 759.064 588.218
 2179.87 1864.88 1088.72 768.757 594.146
 2181.88 1921.77 1108.3 778.683 600.185
 2183.89 1982.13 1128.55 788.848 606.335
 2185.91 2046.28 1149.53 799.264 612.602
 2187.92 2114.59 1171.26 809.938 618.987
 2189.93 2187.49 1193.78 820.881 625.495
 2191.95 2265.43 1217.14 832.102 632.129
 2193.96 2348.98 1241.39 843.613 638.893
 2195.97 2438.76 1266.58 855.425 645.789
 2197.99 2535.48 1292.76 867.55 652.824
 2200 2640 1320 880 660
