 dic alk p
 1900 2260 316.667
 1909.68 2260 327.072
 1919.35 2260 338.068
 1929.03 2260 349.708
 1938.71 2260 362.048
 1948.39 2260 375.155
 1958.06 2260 389.103
 1967.74 2260 403.974
 1977.42 2260 419.863
 1987.1 2260 436.879
 1996.77 2260 455.147
 2006.45 2260 474.809
 2016.13 2260 496.032
 2025.81 2260 519.008
 2035.48 2260 543.966
 2045.16 2260 571.171
 2054.84 2260 600.943
 2064.52 2260 633.663
 2074.19 2260 669.792
 2083.87 2260 709.89
 2093.55 2260 754.651
 2103.23 2260 804.938
 2112.9 2260 861.842
 2122.58 2260 926.761
 2132.26 2260 1001.52
 2141.94 2260 1088.52
 2151.61 2260 1191.07
 2161.29 2260 1313.73
 2170.97 2260 1463.04
 2180.65 2260 1648.78
 2190.32 2260 1886.11
 2200 2260 2200
 1900 2266.45 311.092
 1909.68 2266.45 321.157
 1919.35 2266.45 331.784
 1929.03 2266.45 343.021
 1938.71 2266.45 354.921
 1948.39 2266.45 367.546
 1958.06 2266.45 380.962
 1967.74 2266.45 395.248
 1977.42 2266.45 410.491
 1987.1 2266.45 426.79
 1996.77 2266.45 444.258
 2006.45 2266.45 463.027
 2016.13 2266.45 483.247
 2025.81 2266.45 505.094
 2035.48 2266.45 528.771
 2045.16 2266.45 554.519
 2054.84 2266.45 582.622
 2064.52 2266.45 613.419
 2074.19 2266.45 647.315
 2083.87 2266.45 684.806
 2093.55 2266.45 726.493
 2103.23 2266.45 773.123
 2112.9 2266.45 825.63
 2122.58 2266.45 885.202
 2132.26 2266.45 953.365
 2141.94 2266.45 1032.12
 2151.61 2266.45 1124.16
 2161.29 2266.45 1233.13
 2170.97 2266.45 1364.19
 2180.65 2266.45 1524.81
 2190.32 2266.45 1726.27
 2200 2266.45 1986.41
 1900 2272.9 305.709
 1909.68 2272.9 315.453
 1919.35 2272.9 325.73
 1929.03 2272.9 336.585
 1938.71 2272.9 348.069
 1948.39 2272.9 360.239
 1958.06 2272.9 373.156
 1967.74 2272.9 386.892
 1977.42 2272.9 401.528
 1987.1 2272.9 417.156
 1996.77 2272.9 433.879
 2006.45 2272.9 451.816
 2016.13 2272.9 471.106
 2025.81 2272.9 491.906
 2035.48 2272.9 514.402
 2045.16 2272.9 538.81
 2054.84 2272.9 565.385
 2064.52 2272.9 594.427
 2074.19 2272.9 626.299
 2083.87 2272.9 661.433
 2093.55 2272.9 700.36
 2103.23 2272.9 743.726
 2112.9 2272.9 792.339
 2122.58 2272.9 847.21
 2132.26 2272.9 909.633
 2141.94 2272.9 981.281
 2151.61 2272.9 1064.36
 2161.29 2272.9 1161.85
 2170.97 2272.9 1277.85
 2180.65 2272.9 1418.18
 2190.32 2272.9 1591.41
 2200 2272.9 1810.62
 1900 2279.35 300.51
 1909.68 2279.35 309.948
 1919.35 2279.35 319.892
 1929.03 2279.35 330.387
 1938.71 2279.35 341.477
 1948.39 2279.35 353.216
 1958.06 2279.35 365.663
 1967.74 2279.35 378.882
 1977.42 2279.35 392.949
 1987.1 2279.35 407.947
 1996.77 2279.35 423.973
 2006.45 2279.35 441.135
 2016.13 2279.35 459.559
 2025.81 2279.35 479.389
 2035.48 2279.35 500.794
 2045.16 2279.35 523.967
 2054.84 2279.35 549.138
 2064.52 2279.35 576.577
 2074.19 2279.35 606.604
 2083.87 2279.35 639.604
 2093.55 2279.35 676.042
 2103.23 2279.35 716.484
 2112.9 2279.35 761.628
 2122.58 2279.35 812.346
 2132.26 2279.35 869.737
 2141.94 2279.35 935.211
 2151.61 2279.35 1010.61
 2161.29 2279.35 1098.36
 2170.97 2279.35 1201.79
 2180.65 2279.35 1325.49
 2190.32 2279.35 1476.09
 2200 2279.35 1663.41
 1900 2285.81 295.485
 1909.68 2285.81 304.631
 1919.35 2285.81 314.261
 1929.03 2285.81 324.412
 1938.71 2285.81 335.13
 1948.39 2285.81 346.463
 1958.06 2285.81 358.465
 1967.74 2285.81 371.197
 1977.42 2285.81 384.728
 1987.1 2285.81 399.136
 1996.77 2285.81 414.509
 2006.45 2285.81 430.947
 2016.13 2285.81 448.565
 2025.81 2285.81 467.494
 2035.48 2285.81 487.887
 2045.16 2285.81 509.92
 2054.84 2285.81 533.799
 2064.52 2285.81 559.767
 2074.19 2285.81 588.11
 2083.87 2285.81 619.169
 2093.55 2285.81 653.356
 2103.23 2285.81 691.166
 2112.9 2285.81 733.209
 2122.58 2285.81 780.237
 2132.26 2285.81 833.193
 2141.94 2285.81 893.274
 2151.61 2285.81 962.019
 2161.29 2285.81 1041.45
 2170.97 2285.81 1134.27
 2180.65 2285.81 1244.17
 2190.32 2285.81 1376.35
 2200 2285.81 1538.35
 1900 2292.26 290.625
 1909.68 2292.26 299.494
 1919.35 2292.26 308.824
 1929.03 2292.26 318.65
 1938.71 2292.26 329.015
 1948.39 2292.26 339.962
 1958.06 2292.26 351.544
 1967.74 2292.26 363.817
 1977.42 2292.26 376.844
 1987.1 2292.26 390.698
 1996.77 2292.26 405.459
 2006.45 2292.26 421.219
 2016.13 2292.26 438.084
 2025.81 2292.26 456.174
 2035.48 2292.26 475.628
 2045.16 2292.26 496.606
 2054.84 2292.26 519.293
 2064.52 2292.26 543.909
 2074.19 2292.26 570.71
 2083.87 2292.26 600
 2093.55 2292.26 632.143
 2103.23 2292.26 667.577
 2112.9 2292.26 706.835
 2122.58 2292.26 750.57
 2132.26 2292.26 799.597
 2141.94 2292.26 854.936
 2151.61 2292.26 917.89
 2161.29 2292.26 990.148
 2170.97 2292.26 1073.94
 2180.65 2292.26 1172.25
 2190.32 2292.26 1289.24
 2200 2292.26 1430.77
 1900 2298.71 285.922
 1909.68 2298.71 294.527
 1919.35 2298.71 303.571
 1929.03 2298.71 313.089
 1938.71 2298.71 323.118
 1948.39 2298.71 333.702
 1958.06 2298.71 344.886
 1967.74 2298.71 356.725
 1977.42 2298.71 369.277
 1987.1 2298.71 382.609
 1996.77 2298.71 396.795
 2006.45 2298.71 411.921
 2016.13 2298.71 428.082
 2025.81 2298.71 445.39
 2035.48 2298.71 463.971
 2045.16 2298.71 483.969
 2054.84 2298.71 505.556
 2064.52 2298.71 528.926
 2074.19 2298.71 554.31
 2083.87 2298.71 581.982
 2093.55 2298.71 612.264
 2103.23 2298.71 645.545
 2112.9 2298.71 682.292
 2122.58 2298.71 723.077
 2132.26 2298.71 768.605
 2141.94 2298.71 819.753
 2151.61 2298.71 877.632
 2161.29 2298.71 943.662
 2170.97 2298.71 1019.7
 2180.65 2298.71 1108.2
 2190.32 2298.71 1212.5
 2200 2298.71 1337.25
 1900 2305.16 281.369
 1909.68 2305.16 289.723
 1919.35 2305.16 298.495
 1929.03 2305.16 307.719
 1938.71 2305.16 317.43
 1948.39 2305.16 327.667
 1958.06 2305.16 338.476
 1967.74 2305.16 349.904
 1977.42 2305.16 362.008
 1987.1 2305.16 374.848
 1996.77 2305.16 388.494
 2006.45 2305.16 403.024
 2016.13 2305.16 418.527
 2025.81 2305.16 435.104
 2035.48 2305.16 452.871
 2045.16 2305.16 471.96
 2054.84 2305.16 492.526
 2064.52 2305.16 514.745
 2074.19 2305.16 538.827
 2083.87 2305.16 565.015
 2093.55 2305.16 593.598
 2103.23 2305.16 624.92
 2112.9 2305.16 659.396
 2122.58 2305.16 697.527
 2132.26 2305.16 739.925
 2141.94 2305.16 787.352
 2151.61 2305.16 840.756
 2161.29 2305.16 901.345
 2170.97 2305.16 970.673
 2180.65 2305.16 1050.78
 2190.32 2305.16 1144.38
 2200 2305.16 1255.21
 1900 2311.61 276.959
 1909.68 2311.61 285.072
 1919.35 2311.61 293.586
 1929.03 2311.61 302.53
 1938.71 2311.61 311.938
 1948.39 2311.61 321.847
 1958.06 2311.61 332.299
 1967.74 2311.61 343.34
 1977.42 2311.61 355.019
 1987.1 2311.61 367.396
 1996.77 2311.61 380.533
 2006.45 2311.61 394.503
 2016.13 2311.61 409.389
 2025.81 2311.61 425.282
 2035.48 2311.61 442.29
 2045.16 2311.61 460.533
 2054.84 2311.61 480.151
 2064.52 2311.61 501.305
 2074.19 2311.61 524.185
 2083.87 2311.61 549.008
 2093.55 2311.61 576.036
 2103.23 2311.61 605.573
 2112.9 2311.61 637.987
 2122.58 2311.61 673.72
 2132.26 2311.61 713.309
 2141.94 2311.61 757.414
 2151.61 2311.61 806.855
 2161.29 2311.61 862.661
 2170.97 2311.61 926.147
 2180.65 2311.61 999.015
 2190.32 2311.61 1083.51
 2200 2311.61 1182.66
 1900 2318.06 272.685
 1909.68 2318.06 280.569
 1919.35 2318.06 288.835
 1929.03 2318.06 297.512
 1938.71 2318.06 306.633
 1948.39 2318.06 316.23
 1958.06 2318.06 326.344
 1967.74 2318.06 337.017
 1977.42 2318.06 348.295
 1987.1 2318.06 360.234
 1996.77 2318.06 372.892
 2006.45 2318.06 386.335
 2016.13 2318.06 400.641
 2025.81 2318.06 415.894
 2035.48 2318.06 432.192
 2045.16 2318.06 449.645
 2054.84 2318.06 468.382
 2064.52 2318.06 488.55
 2074.19 2318.06 510.317
 2083.87 2318.06 533.884
 2093.55 2318.06 559.483
 2103.23 2318.06 587.387
 2112.9 2318.06 617.925
 2122.58 2318.06 651.485
 2132.26 2318.06 688.542
 2141.94 2318.06 729.67
 2151.61 2318.06 775.581
 2161.29 2318.06 827.16
 2170.97 2318.06 885.526
 2180.65 2318.06 952.113
 2190.32 2318.06 1028.79
 2200 2318.06 1118.03
 1900 2324.52 268.541
 1909.68 2324.52 276.205
 1919.35 2324.52 284.236
 1929.03 2324.52 292.659
 1938.71 2324.52 301.505
 1948.39 2324.52 310.806
 1958.06 2324.52 320.599
 1967.74 2324.52 330.922
 1977.42 2324.52 341.822
 1987.1 2324.52 353.346
 1996.77 2324.52 365.551
 2006.45 2324.52 378.499
 2016.13 2324.52 392.259
 2025.81 2324.52 406.911
 2035.48 2324.52 422.545
 2045.16 2324.52 439.261
 2054.84 2324.52 457.177
 2064.52 2324.52 476.427
 2074.19 2324.52 497.165
 2083.87 2324.52 519.571
 2093.55 2324.52 543.855
 2103.23 2324.52 570.262
 2112.9 2324.52 599.085
 2122.58 2324.52 630.671
 2132.26 2324.52 665.436
 2141.94 2324.52 703.887
 2151.61 2324.52 746.642
 2161.29 2324.52 794.466
 2170.97 2324.52 848.319
 2180.65 2324.52 909.417
 2190.32 2324.52 979.327
 2200 2324.52 1060.1
 1900 2330.97 264.521
 1909.68 2330.97 271.975
 1919.35 2330.97 279.781
 1929.03 2330.97 287.961
 1938.71 2330.97 296.546
 1948.39 2330.97 305.565
 1958.06 2330.97 315.052
 1967.74 2330.97 325.044
 1977.42 2330.97 335.584
 1987.1 2330.97 346.717
 1996.77 2330.97 358.494
 2006.45 2330.97 370.974
 2016.13 2330.97 384.221
 2025.81 2330.97 398.309
 2035.48 2330.97 413.319
 2045.16 2330.97 429.345
 2054.84 2330.97 446.495
 2064.52 2330.97 464.891
 2074.19 2330.97 484.673
 2083.87 2330.97 506.005
 2093.55 2330.97 529.076
 2103.23 2330.97 554.108
 2112.9 2330.97 581.361
 2122.58 2330.97 611.146
 2132.26 2330.97 643.831
 2141.94 2330.97 679.863
 2151.61 2330.97 719.784
 2161.29 2330.97 764.259
 2170.97 2330.97 814.113
 2180.65 2330.97 870.386
 2190.32 2330.97 934.404
 2200 2330.97 1007.88
 1900 2337.42 260.619
 1909.68 2337.42 267.873
 1919.35 2337.42 275.463
 1929.03 2337.42 283.412
 1938.71 2337.42 291.748
 1948.39 2337.42 300.498
 1958.06 2337.42 309.694
 1967.74 2337.42 319.372
 1977.42 2337.42 329.57
 1987.1 2337.42 340.331
 1996.77 2337.42 351.705
 2006.45 2337.42 363.743
 2016.13 2337.42 376.506
 2025.81 2337.42 390.062
 2035.48 2337.42 404.487
 2045.16 2337.42 419.868
 2054.84 2337.42 436.301
 2064.52 2337.42 453.901
 2074.19 2337.42 472.794
 2083.87 2337.42 493.13
 2093.55 2337.42 515.079
 2103.23 2337.42 538.843
 2112.9 2337.42 564.655
 2122.58 2337.42 592.793
 2132.26 2337.42 623.585
 2141.94 2337.42 657.426
 2151.61 2337.42 694.792
 2161.29 2337.42 736.264
 2170.97 2337.42 782.558
 2180.65 2337.42 834.568
 2190.32 2337.42 893.421
 2200 2337.42 960.563
 1900 2343.87 256.831
 1909.68 2343.87 263.893
 1919.35 2343.87 271.277
 1929.03 2343.87 279.005
 1938.71 2343.87 287.102
 1948.39 2343.87 295.595
 1958.06 2343.87 304.515
 1967.74 2343.87 313.894
 1977.42 2343.87 323.768
 1987.1 2343.87 334.177
 1996.77 2343.87 345.167
 2006.45 2343.87 356.788
 2016.13 2343.87 369.094
 2025.81 2343.87 382.15
 2035.48 2343.87 396.025
 2045.16 2343.87 410.799
 2054.84 2343.87 426.563
 2064.52 2343.87 443.418
 2074.19 2343.87 461.483
 2083.87 2343.87 480.893
 2093.55 2343.87 501.804
 2103.23 2343.87 524.397
 2112.9 2343.87 548.883
 2122.58 2343.87 575.51
 2132.26 2343.87 604.573
 2141.94 2343.87 636.422
 2151.61 2343.87 671.477
 2161.29 2343.87 710.247
 2170.97 2343.87 753.358
 2180.65 2343.87 801.581
 2190.32 2343.87 855.882
 2200 2343.87 917.489
 1900 2350.32 253.152
 1909.68 2350.32 260.029
 1919.35 2350.32 267.216
 1929.03 2350.32 274.732
 1938.71 2350.32 282.602
 1948.39 2350.32 290.851
 1958.06 2350.32 299.507
 1967.74 2350.32 308.6
 1977.42 2350.32 318.166
 1987.1 2350.32 328.242
 1996.77 2350.32 338.869
 2006.45 2350.32 350.094
 2016.13 2350.32 361.969
 2025.81 2350.32 374.553
 2035.48 2350.32 387.91
 2045.16 2350.32 402.114
 2054.84 2350.32 417.249
 2064.52 2350.32 433.409
 2074.19 2350.32 450.701
 2083.87 2350.32 469.249
 2093.55 2350.32 489.196
 2103.23 2350.32 510.705
 2112.9 2350.32 533.967
 2122.58 2350.32 559.207
 2132.26 2350.32 586.686
 2141.94 2350.32 616.718
 2151.61 2350.32 649.675
 2161.29 2350.32 686.007
 2170.97 2350.32 726.259
 2180.65 2350.32 771.103
 2190.32 2350.32 821.371
 2200 2350.32 878.112
 1900 2356.77 249.576
 1909.68 2356.77 256.277
 1919.35 2356.77 263.274
 1929.03 2356.77 270.588
 1938.71 2356.77 278.241
 1948.39 2356.77 286.256
 1958.06 2356.77 294.66
 1967.74 2356.77 303.483
 1977.42 2356.77 312.755
 1987.1 2356.77 322.513
 1996.77 2356.77 332.796
 2006.45 2356.77 343.646
 2016.13 2356.77 355.114
 2025.81 2356.77 367.251
 2035.48 2356.77 380.12
 2045.16 2356.77 393.789
 2054.84 2356.77 408.333
 2064.52 2356.77 423.841
 2074.19 2356.77 440.411
 2083.87 2356.77 458.156
 2093.55 2356.77 477.206
 2103.23 2356.77 497.71
 2112.9 2356.77 519.841
 2122.58 2356.77 543.802
 2132.26 2356.77 569.828
 2141.94 2356.77 598.198
 2151.61 2356.77 629.245
 2161.29 2356.77 663.366
 2170.97 2356.77 701.042
 2180.65 2356.77 742.857
 2190.32 2356.77 789.535
 2200 2356.77 841.975
 1900 2363.23 246.1
 1909.68 2363.23 252.632
 1919.35 2363.23 259.448
 1929.03 2363.23 266.568
 1938.71 2363.23 274.012
 1948.39 2363.23 281.804
 1958.06 2363.23 289.968
 1967.74 2363.23 298.532
 1977.42 2363.23 307.525
 1987.1 2363.23 316.981
 1996.77 2363.23 326.937
 2006.45 2363.23 337.432
 2016.13 2363.23 348.513
 2025.81 2363.23 360.229
 2035.48 2363.23 372.638
 2045.16 2363.23 385.801
 2054.84 2363.23 399.791
 2064.52 2363.23 414.687
 2074.19 2363.23 430.58
 2083.87 2363.23 447.575
 2093.55 2363.23 465.789
 2103.23 2363.23 485.36
 2112.9 2363.23 506.443
 2122.58 2363.23 529.223
 2132.26 2363.23 553.911
 2141.94 2363.23 580.758
 2151.61 2363.23 610.061
 2161.29 2363.23 642.173
 2170.97 2363.23 677.517
 2180.65 2363.23 716.608
 2190.32 2363.23 760.075
 2200 2363.23 808.696
 1900 2369.68 242.72
 1909.68 2369.68 249.088
 1919.35 2369.68 255.731
 1929.03 2369.68 262.665
 1938.71 2369.68 269.91
 1948.39 2369.68 277.489
 1958.06 2369.68 285.423
 1967.74 2369.68 293.74
 1977.42 2369.68 302.467
 1987.1 2369.68 311.636
 1996.77 2369.68 321.28
 2006.45 2369.68 331.439
 2016.13 2369.68 342.153
 2025.81 2369.68 353.471
 2035.48 2369.68 365.444
 2045.16 2369.68 378.131
 2054.84 2369.68 391.598
 2064.52 2369.68 405.92
 2074.19 2369.68 421.179
 2083.87 2369.68 437.472
 2093.55 2369.68 454.907
 2103.23 2369.68 473.608
 2112.9 2369.68 493.719
 2122.58 2369.68 515.405
 2132.26 2369.68 538.859
 2141.94 2369.68 564.306
 2151.61 2369.68 592.012
 2161.29 2369.68 622.291
 2170.97 2369.68 655.519
 2180.65 2369.68 692.15
 2190.32 2369.68 732.734
 2200 2369.68 777.947
 1900 2376.13 239.431
 1909.68 2376.13 245.643
 1919.35 2376.13 252.119
 1929.03 2376.13 258.874
 1938.71 2376.13 265.929
 1948.39 2376.13 273.303
 1958.06 2376.13 281.019
 1967.74 2376.13 289.1
 1977.42 2376.13 297.573
 1987.1 2376.13 306.468
 1996.77 2376.13 315.816
 2006.45 2376.13 325.654
 2016.13 2376.13 336.022
 2025.81 2376.13 346.961
 2035.48 2376.13 358.523
 2045.16 2376.13 370.76
 2054.84 2376.13 383.735
 2064.52 2376.13 397.516
 2074.19 2376.13 412.179
 2083.87 2376.13 427.815
 2093.55 2376.13 444.521
 2103.23 2376.13 462.411
 2112.9 2376.13 481.618
 2122.58 2376.13 502.29
 2132.26 2376.13 524.603
 2141.94 2376.13 548.76
 2151.61 2376.13 575
 2161.29 2376.13 603.604
 2170.97 2376.13 634.906
 2180.65 2376.13 669.307
 2190.32 2376.13 707.292
 2200 2376.13 749.451
 1900 2382.58 236.23
 1909.68 2382.58 242.292
 1919.35 2382.58 248.607
 1929.03 2382.58 255.192
 1938.71 2382.58 262.064
 1948.39 2382.58 269.242
 1958.06 2382.58 276.748
 1967.74 2382.58 284.603
 1977.42 2382.58 292.834
 1987.1 2382.58 301.468
 1996.77 2382.58 310.535
 2006.45 2382.58 320.069
 2016.13 2382.58 330.106
 2025.81 2382.58 340.687
 2035.48 2382.58 351.859
 2045.16 2382.58 363.671
 2054.84 2382.58 376.181
 2064.52 2382.58 389.452
 2074.19 2382.58 403.556
 2083.87 2382.58 418.575
 2093.55 2382.58 434.598
 2103.23 2382.58 451.732
 2112.9 2382.58 470.096
 2122.58 2382.58 489.826
 2132.26 2382.58 511.082
 2141.94 2382.58 534.048
 2151.61 2382.58 558.939
 2161.29 2382.58 586.006
 2170.97 2382.58 615.549
 2180.65 2382.58 647.923
 2190.32 2382.58 683.557
 2200 2382.58 722.968
 1900 2389.03 233.113
 1909.68 2389.03 239.031
 1919.35 2389.03 245.192
 1929.03 2389.03 251.613
 1938.71 2389.03 258.309
 1948.39 2389.03 265.3
 1958.06 2389.03 272.605
 1967.74 2389.03 280.245
 1977.42 2389.03 288.245
 1987.1 2389.03 296.629
 1996.77 2389.03 305.428
 2006.45 2389.03 314.671
 2016.13 2389.03 324.394
 2025.81 2389.03 334.636
 2035.48 2389.03 345.438
 2045.16 2389.03 356.848
 2054.84 2389.03 368.919
 2064.52 2389.03 381.71
 2074.19 2389.03 395.287
 2083.87 2389.03 409.725
 2093.55 2389.03 425.109
 2103.23 2389.03 441.535
 2112.9 2389.03 459.112
 2122.58 2389.03 477.966
 2132.26 2389.03 498.241
 2141.94 2389.03 520.104
 2151.61 2389.03 543.75
 2161.29 2389.03 569.405
 2170.97 2389.03 597.337
 2180.65 2389.03 627.864
 2190.32 2389.03 661.364
 2200 2389.03 698.294
 1900 2395.48 230.078
 1909.68 2395.48 235.857
 1919.35 2395.48 241.87
 1929.03 2395.48 248.133
 1938.71 2395.48 254.661
 1948.39 2395.48 261.472
 1958.06 2395.48 268.584
 1967.74 2395.48 276.018
 1977.42 2395.48 283.796
 1987.1 2395.48 291.943
 1996.77 2395.48 300.485
 2006.45 2395.48 309.453
 2016.13 2395.48 318.878
 2025.81 2395.48 328.796
 2035.48 2395.48 339.247
 2045.16 2395.48 350.276
 2054.84 2395.48 361.932
 2064.52 2395.48 374.269
 2074.19 2395.48 387.349
 2083.87 2395.48 401.242
 2093.55 2395.48 416.026
 2103.23 2395.48 431.788
 2112.9 2395.48 448.63
 2122.58 2395.48 466.667
 2132.26 2395.48 486.029
 2141.94 2395.48 506.87
 2151.61 2395.48 529.365
 2161.29 2395.48 553.719
 2170.97 2395.48 580.172
 2180.65 2395.48 609.009
 2190.32 2395.48 640.566
 2200 2395.48 675.248
 1900 2401.94 227.121
 1909.68 2401.94 232.765
 1919.35 2401.94 238.636
 1929.03 2401.94 244.748
 1938.71 2401.94 251.114
 1948.39 2401.94 257.752
 1958.06 2401.94 264.68
 1967.74 2401.94 271.917
 1977.42 2401.94 279.483
 1987.1 2401.94 287.403
 1996.77 2401.94 295.701
 2006.45 2401.94 304.405
 2016.13 2401.94 313.545
 2025.81 2401.94 323.156
 2035.48 2401.94 333.275
 2045.16 2401.94 343.942
 2054.84 2401.94 355.204
 2064.52 2401.94 367.113
 2074.19 2401.94 379.724
 2083.87 2401.94 393.103
 2093.55 2401.94 407.322
 2103.23 2401.94 422.462
 2112.9 2401.94 438.616
 2122.58 2401.94 455.889
 2132.26 2401.94 474.402
 2141.94 2401.94 494.293
 2151.61 2401.94 515.722
 2161.29 2401.94 538.874
 2170.97 2401.94 563.966
 2180.65 2401.94 591.254
 2190.32 2401.94 621.037
 2200 2401.94 653.674
 1900 2408.39 224.239
 1909.68 2408.39 229.754
 1919.35 2408.39 235.488
 1929.03 2408.39 241.454
 1938.71 2408.39 247.665
 1948.39 2408.39 254.137
 1958.06 2408.39 260.888
 1967.74 2408.39 267.936
 1977.42 2408.39 275.299
 1987.1 2408.39 283.002
 1996.77 2408.39 291.066
 2006.45 2408.39 299.518
 2016.13 2408.39 308.388
 2025.81 2408.39 317.707
 2035.48 2408.39 327.509
 2045.16 2408.39 337.833
 2054.84 2408.39 348.723
 2064.52 2408.39 360.225
 2074.19 2408.39 372.394
 2083.87 2408.39 385.288
 2093.55 2408.39 398.975
 2103.23 2408.39 413.531
 2112.9 2408.39 429.039
 2122.58 2408.39 445.598
 2132.26 2408.39 463.318
 2141.94 2408.39 482.324
 2151.61 2408.39 502.764
 2161.29 2408.39 524.804
 2170.97 2408.39 548.641
 2180.65 2408.39 574.504
 2190.32 2408.39 602.663
 2200 2408.39 633.437
 1900 2414.84 221.429
 1909.68 2414.84 226.82
 1919.35 2414.84 232.422
 1929.03 2414.84 238.247
 1938.71 2414.84 244.309
 1948.39 2414.84 250.622
 1958.06 2414.84 257.203
 1967.74 2414.84 264.069
 1977.42 2414.84 271.239
 1987.1 2414.84 278.733
 1996.77 2414.84 286.574
 2006.45 2414.84 294.787
 2016.13 2414.84 303.398
 2025.81 2414.84 312.438
 2035.48 2414.84 321.939
 2045.16 2414.84 331.937
 2054.84 2414.84 342.473
 2064.52 2414.84 353.591
 2074.19 2414.84 365.341
 2083.87 2414.84 377.778
 2093.55 2414.84 390.964
 2103.23 2414.84 404.969
 2112.9 2414.84 419.872
 2122.58 2414.84 435.762
 2132.26 2414.84 452.74
 2141.94 2414.84 470.922
 2151.61 2414.84 490.441
 2161.29 2414.84 511.45
 2170.97 2414.84 534.127
 2180.65 2414.84 558.678
 2190.32 2414.84 585.345
 2200 2414.84 614.414
 1900 2421.29 218.688
 1909.68 2421.29 223.96
 1919.35 2421.29 229.434
 1929.03 2421.29 235.125
 1938.71 2421.29 241.043
 1948.39 2421.29 247.203
 1958.06 2421.29 253.621
 1967.74 2421.29 260.313
 1977.42 2421.29 267.297
 1987.1 2421.29 274.591
 1996.77 2421.29 282.219
 2006.45 2421.29 290.202
 2016.13 2421.29 298.567
 2025.81 2421.29 307.341
 2035.48 2421.29 316.555
 2045.16 2421.29 326.244
 2054.84 2421.29 336.444
 2064.52 2421.29 347.197
 2074.19 2421.29 358.55
 2083.87 2421.29 370.554
 2093.55 2421.29 383.268
 2103.23 2421.29 396.755
 2112.9 2421.29 411.088
 2122.58 2421.29 426.35
 2132.26 2421.29 442.634
 2141.94 2421.29 460.046
 2151.61 2421.29 478.708
 2161.29 2421.29 498.759
 2170.97 2421.29 520.361
 2180.65 2421.29 543.7
 2190.32 2421.29 568.994
 2200 2421.29 596.501
 1900 2427.74 216.015
 1909.68 2427.74 221.171
 1919.35 2427.74 226.523
 1929.03 2427.74 232.083
 1938.71 2427.74 237.863
 1948.39 2427.74 243.876
 1958.06 2427.74 250.137
 1967.74 2427.74 256.662
 1977.42 2427.74 263.467
 1987.1 2427.74 270.571
 1996.77 2427.74 277.994
 2006.45 2427.74 285.758
 2016.13 2427.74 293.887
 2025.81 2427.74 302.408
 2035.48 2427.74 311.349
 2045.16 2427.74 320.742
 2054.84 2427.74 330.623
 2064.52 2427.74 341.03
 2074.19 2427.74 352.007
 2083.87 2427.74 363.602
 2093.55 2427.74 375.869
 2103.23 2427.74 388.867
 2112.9 2427.74 402.664
 2122.58 2427.74 417.336
 2132.26 2427.74 432.969
 2141.94 2427.74 449.661
 2151.61 2427.74 467.523
 2161.29 2427.74 486.683
 2170.97 2427.74 507.286
 2180.65 2427.74 529.504
 2190.32 2427.74 553.533
 2200 2427.74 579.603
 1900 2434.19 213.406
 1909.68 2434.19 218.45
 1919.35 2434.19 223.684
 1929.03 2434.19 229.119
 1938.71 2434.19 234.766
 1948.39 2434.19 240.637
 1958.06 2434.19 246.748
 1967.74 2434.19 253.112
 1977.42 2434.19 259.746
 1987.1 2434.19 266.667
 1996.77 2434.19 273.894
 2006.45 2434.19 281.448
 2016.13 2434.19 289.352
 2025.81 2434.19 297.63
 2035.48 2434.19 306.311
 2045.16 2434.19 315.423
 2054.84 2434.19 325
 2064.52 2434.19 335.079
 2074.19 2434.19 345.699
 2083.87 2434.19 356.906
 2093.55 2434.19 368.75
 2103.23 2434.19 381.287
 2112.9 2434.19 394.578
 2122.58 2434.19 408.696
 2132.26 2434.19 423.718
 2141.94 2434.19 439.735
 2151.61 2434.19 456.849
 2161.29 2434.19 475.177
 2170.97 2434.19 494.853
 2180.65 2434.19 516.031
 2190.32 2434.19 538.889
 2200 2434.19 563.636
 1900 2440.65 210.859
 1909.68 2440.65 215.796
 1919.35 2440.65 220.916
 1929.03 2440.65 226.23
 1938.71 2440.65 231.748
 1948.39 2440.65 237.484
 1958.06 2440.65 243.449
 1967.74 2440.65 249.659
 1977.42 2440.65 256.128
 1987.1 2440.65 262.873
 1996.77 2440.65 269.913
 2006.45 2440.65 277.266
 2016.13 2440.65 284.954
 2025.81 2440.65 293.002
 2035.48 2440.65 301.433
 2045.16 2440.65 310.277
 2054.84 2440.65 319.565
 2064.52 2440.65 329.331
 2074.19 2440.65 339.613
 2083.87 2440.65 350.452
 2093.55 2440.65 361.896
 2103.23 2440.65 373.996
 2112.9 2440.65 386.811
 2122.58 2440.65 400.406
 2132.26 2440.65 414.854
 2141.94 2440.65 430.238
 2151.61 2440.65 446.652
 2161.29 2440.65 464.203
 2170.97 2440.65 483.014
 2180.65 2440.65 503.226
 2190.32 2440.65 525
 2200 2440.65 548.525
 1900 2447.1 208.373
 1909.68 2447.1 213.205
 1919.35 2447.1 218.215
 1929.03 2447.1 223.412
 1938.71 2447.1 228.807
 1948.39 2447.1 234.411
 1958.06 2447.1 240.237
 1967.74 2447.1 246.299
 1977.42 2447.1 252.61
 1987.1 2447.1 259.187
 1996.77 2447.1 266.046
 2006.45 2447.1 273.206
 2016.13 2447.1 280.689
 2025.81 2447.1 288.515
 2035.48 2447.1 296.708
 2045.16 2447.1 305.297
 2054.84 2447.1 314.309
 2064.52 2447.1 323.777
 2074.19 2447.1 333.737
 2083.87 2447.1 344.227
 2093.55 2447.1 355.292
 2103.23 2447.1 366.979
 2112.9 2447.1 379.344
 2122.58 2447.1 392.445
 2132.26 2447.1 406.352
 2141.94 2447.1 421.142
 2151.61 2447.1 436.9
 2161.29 2447.1 453.725
 2170.97 2447.1 471.729
 2180.65 2447.1 491.041
 2190.32 2447.1 511.809
 2200 2447.1 534.204
 1900 2453.55 205.944
 1909.68 2453.55 210.676
 1919.35 2453.55 215.58
 1929.03 2453.55 220.664
 1938.71 2453.55 225.94
 1948.39 2453.55 231.418
 1958.06 2453.55 237.109
 1967.74 2453.55 243.028
 1977.42 2453.55 249.187
 1987.1 2453.55 255.602
 1996.77 2453.55 262.288
 2006.45 2453.55 269.264
 2016.13 2453.55 276.549
 2025.81 2453.55 284.163
 2035.48 2453.55 292.13
 2045.16 2453.55 300.474
 2054.84 2453.55 309.223
 2064.52 2453.55 318.408
 2074.19 2453.55 328.061
 2083.87 2453.55 338.22
 2093.55 2453.55 348.925
 2103.23 2453.55 360.221
 2112.9 2453.55 372.159
 2122.58 2453.55 384.795
 2132.26 2453.55 398.193
 2141.94 2453.55 412.422
 2151.61 2453.55 427.564
 2161.29 2453.55 443.709
 2170.97 2453.55 460.959
 2180.65 2453.55 479.433
 2190.32 2453.55 499.265
 2200 2453.55 520.611
 1900 2460 203.571
 1909.68 2460 208.206
 1919.35 2460 213.007
 1929.03 2460 217.983
 1938.71 2460 223.144
 1948.39 2460 228.499
 1958.06 2460 234.062
 1967.74 2460 239.843
 1977.42 2460 245.856
 1987.1 2460 252.115
 1996.77 2460 258.635
 2006.45 2460 265.434
 2016.13 2460 272.529
 2025.81 2460 279.941
 2035.48 2460 287.69
 2045.16 2460 295.801
 2054.84 2460 304.299
 2064.52 2460 313.214
 2074.19 2460 322.575
 2083.87 2460 332.419
 2093.55 2460 342.782
 2103.23 2460 353.707
 2112.9 2460 365.242
 2122.58 2460 377.438
 2132.26 2460 390.354
 2141.94 2460 404.057
 2151.61 2460 418.619
 2161.29 2460 434.125
 2170.97 2460 450.67
 2180.65 2460 468.36
 2190.32 2460 487.321
 2200 2460 507.692
