 D tau
 0.001 1000
 0.00110249 907.041
 0.00121547 822.724
 0.00134004 746.245
 0.00147738 676.875
 0.00162879 613.954
 0.00179571 556.881
 0.00197975 505.114
 0.00218264 458.16
 0.00240633 415.57
 0.00265295 376.939
 0.00292484 341.899
 0.00322459 310.117
 0.00355506 281.289
 0.00391941 255.141
 0.00432109 231.423
 0.00476394 209.91
 0.00525217 190.397
 0.00579044 172.698
 0.00638388 156.645
 0.00703814 142.083
 0.00775944 128.875
 0.00855467 116.895
 0.0094314 106.029
 0.010398 96.1725
 0.0114636 87.2324
 0.0126385 79.1234
 0.0139337 71.7682
 0.0153617 65.0968
 0.0169361 59.0455
 0.0186718 53.5567
 0.0205854 48.5781
 0.0226951 44.0624
 0.025021 39.9664
 0.0275853 36.2512
 0.0304124 32.8813
 0.0335292 29.8247
 0.0369655 27.0522
 0.0407539 24.5375
 0.0449306 22.2565
 0.0495354 20.1876
 0.054612 18.311
 0.0602089 16.6088
 0.0663795 15.0649
 0.0731824 13.6645
 0.0806826 12.3943
 0.0889513 11.2421
 0.0980676 10.1971
 0.108118 9.24915
 0.119199 8.38936
 0.131415 7.6095
 0.144883 6.90213
 0.159731 6.26052
 0.176101 5.67855
 0.194149 5.15068
 0.214047 4.67188
 0.235983 4.23759
 0.260168 3.84367
 0.286832 3.48637
 0.316228 3.16228
