 eps pc nq pq
 1e-06 1e+75 19.9316 397.267
 1.21547e-06 8.72324e+73 19.65 386.124
 1.47738e-06 7.6095e+72 19.3685 375.14
 1.79571e-06 6.63795e+71 19.087 364.314
 2.18264e-06 5.79044e+70 18.8055 353.647
 2.65295e-06 5.05114e+69 18.524 343.138
 3.22459e-06 4.40624e+68 18.2425 332.787
 3.91941e-06 3.84367e+67 17.9609 322.595
 4.76394e-06 3.35292e+66 17.6794 312.562
 5.79044e-06 2.92484e+65 17.3979 302.687
 7.03814e-06 2.55141e+64 17.1164 292.97
 8.55467e-06 2.22565e+63 16.8349 283.412
 1.0398e-05 1.94149e+62 16.5533 274.013
 1.26385e-05 1.69361e+61 16.2718 264.772
 1.53617e-05 1.47738e+60 15.9903 255.69
 1.86718e-05 1.28875e+59 15.7088 246.766
 2.26951e-05 1.12421e+58 15.4273 238
 2.75853e-05 9.80676e+56 15.1457 229.393
 3.35292e-05 8.55467e+55 14.8642 220.945
 4.07539e-05 7.46245e+54 14.5827 212.655
 4.95354e-05 6.50968e+53 14.3012 204.524
 6.02089e-05 5.67855e+52 14.0197 196.551
 7.31824e-05 4.95354e+51 13.7381 188.737
 8.89513e-05 4.32109e+50 13.4566 181.081
 0.000108118 3.76939e+49 13.1751 173.583
 0.000131415 3.28813e+48 12.8936 166.245
 0.000159731 2.86832e+47 12.6121 159.064
 0.000194149 2.5021e+46 12.3305 152.042
 0.000235983 2.18264e+45 12.049 145.179
 0.000286832 1.90397e+44 11.7675 138.474
 0.000348637 1.66088e+43 11.486 131.928
 0.000423759 1.44883e+42 11.2045 125.54
 0.000515068 1.26385e+41 10.923 119.311
 0.000626052 1.10249e+40 10.6414 113.24
 0.00076095 9.61725e+38 10.3599 107.328
 0.000924915 8.38936e+37 10.0784 101.574
 0.00112421 7.31824e+36 9.79687 95.9787
 0.00136645 6.38388e+35 9.51535 90.5419
 0.00166088 5.56881e+34 9.23383 85.2637
 0.00201876 4.85781e+33 8.95231 80.1439
 0.00245375 4.23759e+32 8.6708 75.1827
 0.00298247 3.69655e+31 8.38928 70.38
 0.00362512 3.22459e+30 8.10776 65.7357
 0.00440624 2.81289e+29 7.82624 61.25
 0.00535567 2.45375e+28 7.54472 56.9228
 0.00650968 2.14047e+27 7.2632 52.7541
 0.00791234 1.86718e+26 6.98168 48.7438
 0.00961725 1.62879e+25 6.70016 44.8921
 0.0116895 1.42083e+24 6.41864 41.1989
 0.0142083 1.23943e+23 6.13712 37.6643
 0.0172698 1.08118e+22 5.8556 34.2881
 0.020991 9.4314e+20 5.57408 31.0704
 0.0255141 8.22724e+19 5.29256 28.0112
 0.0310117 7.17682e+18 5.01104 25.1106
 0.0376939 6.26052e+17 4.72952 22.3684
 0.045816 5.4612e+16 4.44801 19.7848
 0.0556881 4.76394e+15 4.16649 17.3596
 0.0676875 4.1557e+14 3.88497 15.093
 0.0822724 3.62512e+13 3.60345 12.9848
 0.1 3.16228e+12 3.32193 11.0352
