 L d z
 1 2 -0.60206
 2 2 -1.20412
 3 2 -1.80618
 4 2 -2.40824
 5 2 -3.0103
 6 2 -3.61236
 7 2 -4.21442
 8 2 -4.81648
 9 2 -5.41854
 10 2 -6.0206
 11 2 -6.62266
 12 2 -7.22472
 1 3 -0.954243
 2 3 -1.90849
 3 3 -2.86273
 4 3 -3.81697
 5 3 -4.77121
 6 3 -5.72546
 7 3 -6.6797
 8 3 -7.63394
 9 3 -8.58818
 10 3 -9.54243
 11 3 -10.4967
 12 3 -11.4509
 1 4 -1.20412
 2 4 -2.40824
 3 4 -3.61236
 4 4 -4.81648
 5 4 -6.0206
 6 4 -7.22472
 7 4 -8.42884
 8 4 -9.63296
 9 4 -10.8371
 10 4 -12.0412
 11 4 -13.2453
 12 4 -14.4494
 1 5 -1.39794
 2 5 -2.79588
 3 5 -4.19382
 4 5 -5.59176
 5 5 -6.9897
 6 5 -8.38764
 7 5 -9.78558
 8 5 -11.1835
 9 5 -12.5815
 10 5 -13.9794
 11 5 -15.3773
 12 5 -16.7753
 1 6 -1.5563
 2 6 -3.11261
 3 6 -4.66891
 4 6 -6.22521
 5 6 -7.78151
 6 6 -9.33782
 7 6 -10.8941
 8 6 -12.4504
 9 6 -14.0067
 10 6 -15.563
 11 6 -17.1193
 12 6 -18.6756
