 w v
 3.16228 0.854759
 3.48637 0.814061
 3.84367 0.775302
 4.23759 0.738387
 4.67188 0.703231
 5.15068 0.669748
 5.67855 0.637859
 6.26052 0.607489
 6.90213 0.578565
 7.6095 0.551018
 8.38936 0.524782
 9.24915 0.499796
 10.1971 0.475999
 11.2421 0.453336
 12.3943 0.431751
 13.6645 0.411194
 15.0649 0.391616
 16.6088 0.37297
 18.311 0.355212
 20.1876 0.338299
 22.2565 0.322192
 24.5375 0.306852
 27.0522 0.292242
 29.8247 0.278327
 32.8813 0.265075
 36.2512 0.252454
 39.9664 0.240434
 44.0624 0.228986
 48.5781 0.218084
 53.5567 0.2077
 59.0455 0.197811
 65.0968 0.188393
 71.7682 0.179423
 79.1234 0.17088
 87.2324 0.162744
 96.1725 0.154995
 106.029 0.147615
 116.895 0.140587
 128.875 0.133893
 142.083 0.127518
 156.645 0.121447
 172.698 0.115664
 190.397 0.110157
 209.91 0.104912
 231.423 0.0999172
 255.141 0.0951599
 281.289 0.090629
 310.117 0.0863139
 341.899 0.0822043
 376.939 0.0782903
 415.57 0.0745627
 458.16 0.0710126
 505.114 0.0676314
 556.881 0.0644113
 613.954 0.0613445
 676.875 0.0584237
 746.245 0.055642
 822.724 0.0529928
 907.041 0.0504696
 1000 0.0480666
