 ci ac aj gpp
 20 1.3575 3.70881 1.3575
 24.9246 1.68431 4.4533 1.68431
 29.8492 2.00826 5.14535 2.00826
 34.7739 2.32938 5.79031 2.32938
 39.6985 2.6477 6.39282 2.6477
 44.6231 2.96328 6.95695 2.96328
 49.5477 3.27613 7.48625 3.27613
 54.4724 3.5863 7.98385 3.5863
 59.397 3.89382 8.45251 3.89382
 64.3216 4.19872 8.89468 4.19872
 69.2462 4.50105 9.31256 4.50105
 74.1709 4.80082 9.70808 4.80082
 79.0955 5.09807 10.083 5.09807
 84.0201 5.39284 10.4389 5.39284
 88.9447 5.68515 10.7772 5.68515
 93.8693 5.97504 11.0991 5.97504
 98.794 6.26254 11.4058 6.26254
 103.719 6.54767 11.6984 6.54767
 108.643 6.83046 11.9778 6.83046
 113.568 7.11094 12.2449 7.11094
 118.492 7.38915 12.5005 7.38915
 123.417 7.66511 12.7453 7.66511
 128.342 7.93884 12.98 7.93884
 133.266 8.21037 13.2052 8.21037
 138.191 8.47973 13.4214 8.47973
 143.116 8.74695 13.6292 8.74695
 148.04 9.01205 13.8291 9.01205
 152.965 9.27505 14.0215 9.27505
 157.889 9.53598 14.2069 9.53598
 162.814 9.79487 14.3855 9.79487
 167.739 10.0517 14.5578 10.0517
 172.663 10.3066 14.7241 10.3066
 177.588 10.5595 14.8847 10.5595
 182.513 10.8104 15.0399 10.8104
 187.437 11.0594 15.19 11.0594
 192.362 11.3066 15.3351 11.3066
 197.286 11.5518 15.4756 11.5518
 202.211 11.7951 15.6117 11.7951
 207.136 12.0366 15.7436 12.0366
 212.06 12.2763 15.8714 12.2763
 216.985 12.5142 15.9954 12.5142
 221.91 12.7503 16.1157 12.7503
 226.834 12.9847 16.2324 12.9847
 231.759 13.2173 16.3458 13.2173
 236.683 13.4482 16.456 13.4482
 241.608 13.6773 16.5631 13.6773
 246.533 13.9048 16.6673 13.9048
 251.457 14.1307 16.7686 14.1307
 256.382 14.3549 16.8672 14.3549
 261.307 14.5774 16.9631 14.5774
 266.231 14.7983 17.0566 14.7983
 271.156 15.0177 17.1476 15.0177
 276.08 15.2355 17.2363 15.2355
 281.005 15.4517 17.3228 15.4517
 285.93 15.6663 17.4071 15.6663
 290.854 15.8795 17.4894 15.8795
 295.779 16.0911 17.5696 16.0911
 300.704 16.3012 17.648 16.3012
 305.628 16.5099 17.7245 16.5099
 310.553 16.7171 17.7991 16.7171
 315.477 16.9228 17.8721 16.9228
 320.402 17.1271 17.9434 17.1271
 325.327 17.33 18.0131 17.33
 330.251 17.5315 18.0812 17.5315
 335.176 17.7316 18.1478 17.7316
 340.101 17.9303 18.2129 17.9303
 345.025 18.1277 18.2767 18.1277
 349.95 18.3237 18.3391 18.3237
 354.874 18.5184 18.4001 18.4001
 359.799 18.7118 18.4599 18.4599
 364.724 18.9038 18.5184 18.5184
 369.648 19.0946 18.5758 18.5758
 374.573 19.2841 18.6319 18.6319
 379.497 19.4723 18.687 18.687
 384.422 19.6592 18.7409 18.7409
 389.347 19.845 18.7938 18.7938
 394.271 20.0295 18.8456 18.8456
 399.196 20.2127 18.8965 18.8965
 404.121 20.3948 18.9463 18.9463
 409.045 20.5757 18.9952 18.9952
 413.97 20.7554 19.0432 19.0432
 418.894 20.9339 19.0904 19.0904
 423.819 21.1113 19.1366 19.1366
 428.744 21.2875 19.182 19.182
 433.668 21.4626 19.2266 19.2266
 438.593 21.6365 19.2703 19.2703
 443.518 21.8094 19.3133 19.3133
 448.442 21.9811 19.3555 19.3555
 453.367 22.1517 19.397 19.397
 458.291 22.3213 19.4378 19.4378
 463.216 22.4898 19.4779 19.4779
 468.141 22.6572 19.5173 19.5173
 473.065 22.8236 19.556 19.556
 477.99 22.9889 19.5941 19.5941
 482.915 23.1532 19.6315 19.6315
 487.839 23.3165 19.6684 19.6684
 492.764 23.4788 19.7046 19.7046
 497.688 23.64 19.7402 19.7402
 502.613 23.8003 19.7753 19.7753
 507.538 23.9596 19.8098 19.8098
 512.462 24.1179 19.8438 19.8438
 517.387 24.2752 19.8772 19.8772
 522.312 24.4316 19.9101 19.9101
 527.236 24.587 19.9425 19.9425
 532.161 24.7415 19.9744 19.9744
 537.085 24.895 20.0058 20.0058
 542.01 25.0476 20.0367 20.0367
 546.935 25.1993 20.0672 20.0672
 551.859 25.3501 20.0972 20.0972
 556.784 25.5 20.1268 20.1268
 561.709 25.649 20.156 20.156
 566.633 25.7972 20.1847 20.1847
 571.558 25.9444 20.213 20.213
 576.482 26.0908 20.2409 20.2409
 581.407 26.2363 20.2684 20.2684
 586.332 26.381 20.2955 20.2955
 591.256 26.5248 20.3223 20.3223
 596.181 26.6678 20.3486 20.3486
 601.106 26.8099 20.3746 20.3746
 606.03 26.9513 20.4002 20.4002
 610.955 27.0918 20.4255 20.4255
 615.879 27.2315 20.4505 20.4505
 620.804 27.3704 20.4751 20.4751
 625.729 27.5085 20.4994 20.4994
 630.653 27.6458 20.5233 20.5233
 635.578 27.7823 20.547 20.547
 640.503 27.9181 20.5703 20.5703
 645.427 28.053 20.5933 20.5933
 650.352 28.1873 20.616 20.616
 655.276 28.3207 20.6385 20.6385
 660.201 28.4535 20.6606 20.6606
 665.126 28.5854 20.6825 20.6825
 670.05 28.7167 20.7041 20.7041
 674.975 28.8472 20.7254 20.7254
 679.899 28.977 20.7464 20.7464
 684.824 29.106 20.7672 20.7672
 689.749 29.2344 20.7878 20.7878
 694.673 29.362 20.8081 20.8081
 699.598 29.489 20.8281 20.8281
 704.523 29.6152 20.8479 20.8479
 709.447 29.7408 20.8675 20.8675
 714.372 29.8656 20.8868 20.8868
 719.296 29.9898 20.9059 20.9059
 724.221 30.1134 20.9247 20.9247
 729.146 30.2362 20.9434 20.9434
 734.07 30.3584 20.9618 20.9618
 738.995 30.4799 20.98 20.98
 743.92 30.6008 20.998 20.998
 748.844 30.7211 21.0158 21.0158
 753.769 30.8407 21.0334 21.0334
 758.693 30.9596 21.0508 21.0508
 763.618 31.0779 21.068 21.068
 768.543 31.1957 21.085 21.085
 773.467 31.3127 21.1019 21.1019
 778.392 31.4292 21.1185 21.1185
 783.317 31.5451 21.1349 21.1349
 788.241 31.6603 21.1512 21.1512
 793.166 31.775 21.1673 21.1673
 798.09 31.889 21.1832 21.1832
 803.015 32.0025 21.199 21.199
 807.94 32.1153 21.2145 21.2145
 812.864 32.2276 21.2299 21.2299
 817.789 32.3393 21.2452 21.2452
 822.714 32.4505 21.2603 21.2603
 827.638 32.561 21.2752 21.2752
 832.563 32.671 21.29 21.29
 837.487 32.7805 21.3046 21.3046
 842.412 32.8894 21.3191 21.3191
 847.337 32.9977 21.3334 21.3334
 852.261 33.1055 21.3475 21.3475
 857.186 33.2127 21.3616 21.3616
 862.111 33.3194 21.3755 21.3755
 867.035 33.4256 21.3892 21.3892
 871.96 33.5312 21.4028 21.4028
 876.884 33.6363 21.4163 21.4163
 881.809 33.7409 21.4296 21.4296
 886.734 33.8449 21.4428 21.4428
 891.658 33.9485 21.4559 21.4559
 896.583 34.0515 21.4688 21.4688
 901.508 34.154 21.4817 21.4817
 906.432 34.2561 21.4944 21.4944
 911.357 34.3576 21.5069 21.5069
 916.281 34.4586 21.5194 21.5194
 921.206 34.5591 21.5317 21.5317
 926.131 34.6591 21.5439 21.5439
 931.055 34.7587 21.556 21.556
 935.98 34.8577 21.568 21.568
 940.905 34.9563 21.5799 21.5799
 945.829 35.0544 21.5917 21.5917
 950.754 35.1521 21.6033 21.6033
 955.678 35.2492 21.6149 21.6149
 960.603 35.3459 21.6263 21.6263
 965.528 35.4422 21.6376 21.6376
 970.452 35.538 21.6489 21.6489
 975.377 35.6333 21.66 21.66
 980.302 35.7281 21.671 21.671
 985.226 35.8226 21.682 21.682
 990.151 35.9165 21.6928 21.6928
 995.075 36.0101 21.7035 21.7035
 1000 36.1032 21.7142 21.7142
