 n haar l2 l4 l6
 2 4 81 6561 531441
 3 8 81 6561 531441
 4 16 81 6561 531441
 5 32 81 6561 531441
 6 64 81 6561 531441
 7 128 81 6561 531441
 8 256 81 6561 531441
 9 512 81 6561 531441
 10 1024 81 6561 531441
 11 2048 81 6561 531441
 12 4096 81 6561 531441
 13 8192 81 6561 531441
 14 16384 81 6561 531441
 15 32768 81 6561 531441
 16 65536 81 6561 531441
 17 131072 81 6561 531441
 18 262144 81 6561 531441
 19 524288 81 6561 531441
 20 1.04858e+06 81 6561 531441
 21 2.09715e+06 81 6561 531441
 22 4.1943e+06 81 6561 531441
 23 8.38861e+06 81 6561 531441
 24 1.67772e+07 81 6561 531441
 25 3.35544e+07 81 6561 531441
 26 6.71089e+07 81 6561 531441
 27 1.34218e+08 81 6561 531441
 28 2.68435e+08 81 6561 531441
 29 5.36871e+08 81 6561 531441
 30 1.07374e+09 81 6561 531441
 31 2.14748e+09 81 6561 531441
 32 4.29497e+09 81 6561 531441
 33 8.58993e+09 81 6561 531441
 34 1.71799e+10 81 6561 531441
 35 3.43597e+10 81 6561 531441
 36 6.87195e+10 81 6561 531441
 37 1.37439e+11 81 6561 531441
 38 2.74878e+11 81 6561 531441
 39 5.49756e+11 81 6561 531441
 40 1.09951e+12 81 6561 531441
