 b mu sg
 0.1 722.686 268.862
 0.11074 720.904 268.276
 0.122633 718.947 267.621
 0.135804 716.801 266.888
 0.150389 714.452 266.067
 0.16654 711.882 265.149
 0.184426 709.076 264.12
 0.204233 706.016 262.968
 0.226168 702.687 261.677
 0.250458 699.072 260.231
 0.277356 695.156 258.613
 0.307144 690.926 256.802
 0.34013 686.371 254.78
 0.37666 681.483 252.523
 0.417112 676.258 250.009
 0.46191 670.697 247.218
 0.511518 664.809 244.126
 0.566454 658.609 240.716
 0.62729 652.119 236.97
 0.69466 645.374 232.879
 0.769265 638.415 228.437
 0.851883 631.296 223.649
 0.943373 624.078 218.527
 1.04469 616.83 213.097
 1.15689 609.626 207.394
 1.28114 602.545 201.465
 1.41873 595.661 195.363
 1.5711 589.048 189.149
 1.73983 582.769 182.884
 1.92668 576.877 176.626
 2.1336 571.412 170.426
 2.36275 566.402 164.325
 2.6165 561.861 158.351
 2.89751 557.793 152.519
 3.2087 554.189 146.835
 3.55331 551.036 141.293
 3.93493 548.313 135.887
 4.35753 545.995 130.604
 4.82552 544.052 125.432
 5.34377 542.453 120.362
 5.91769 541.164 115.387
 6.55323 540.148 110.504
 7.25704 539.368 105.713
 8.03643 538.787 101.02
 8.89953 538.367 96.4332
 9.85532 538.076 91.9632
 10.9138 537.882 87.6226
 12.0859 537.759 83.4237
 13.3839 537.684 79.3775
 14.8213 537.642 75.4924
 16.4131 537.62 71.7738
 18.1758 537.608 68.2233
 20.1279 537.603 64.8399
 22.2895 537.601 61.6196
 24.6834 537.6 58.557
 27.3344 537.6 55.6457
 30.27 537.6 52.8787
 33.521 537.6 50.2492
 37.1211 537.6 47.7505
 41.1078 537.6 45.376
 45.5227 537.6 43.1195
 50.4117 537.6 40.9753
 55.8259 537.6 38.9377
 61.8215 537.6 37.0014
 68.461 537.6 35.1614
 75.8136 537.6 33.4129
 83.9558 537.6 31.7514
 92.9725 537.6 30.1725
 102.958 537.6 28.6721
 114.015 537.6 27.2463
 126.26 537.6 25.8915
 139.82 537.6 24.6042
 154.837 537.601 23.3815
 171.466 537.603 22.221
 189.881 537.608 21.1211
 210.274 537.619 20.0816
 232.857 537.64 19.1035
 257.865 537.68 18.1894
 285.559 537.748 17.3423
 316.228 537.855 16.5648
