 k e z
 1 0.001 2.50805
 1.19378 0.001 2.56592
 1.4251 0.001 2.62378
 1.70125 0.001 2.68165
 2.03092 0.001 2.73951
 2.42446 0.001 2.79737
 2.89427 0.001 2.85301
 3.45511 0.001 2.91088
 4.12463 0.001 2.96874
 4.92388 0.001 3.02438
 5.87802 0.001 3.08002
 7.01704 0.001 3.13788
 8.37678 0.001 3.19352
 10 0.001 3.25139
 11.9378 0.001 3.30703
 14.251 0.001 3.36267
 17.0125 0.001 3.4183
 20.3092 0.001 3.47394
 24.2446 0.001 3.53181
 28.9427 0.001 3.58745
 34.5511 0.001 3.64309
 41.2463 0.001 3.69872
 49.2388 0.001 3.75436
 58.7802 0.001 3.81
 70.1704 0.001 3.86564
 83.7678 0.001 3.91905
 100 0.001 3.97469
 119.378 0.001 4.03033
 142.51 0.001 4.08597
 170.125 0.001 4.14161
 203.092 0.001 4.19725
 242.446 0.001 4.25066
 289.427 0.001 4.3063
 345.511 0.001 4.36194
 412.463 0.001 4.41535
 492.388 0.001 4.47099
 587.802 0.001 4.52663
 701.704 0.001 4.58005
 837.678 0.001 4.63568
 1000 0.001 4.6891
 1 0.00119378 2.45019
 1.19378 0.00119378 2.50805
 1.4251 0.00119378 2.56592
 1.70125 0.00119378 2.62378
 2.03092 0.00119378 2.68165
 2.42446 0.00119378 2.73951
 2.89427 0.00119378 2.79737
 3.45511 0.00119378 2.85301
 4.12463 0.00119378 2.91088
 4.92388 0.00119378 2.96874
 5.87802 0.00119378 3.02438
 7.01704 0.00119378 3.08002
 8.37678 0.00119378 3.13788
 10 0.00119378 3.19352
 11.9378 0.00119378 3.25139
 14.251 0.00119378 3.30703
 17.0125 0.00119378 3.36267
 20.3092 0.00119378 3.4183
 24.2446 0.00119378 3.47394
 28.9427 0.00119378 3.53181
 34.5511 0.00119378 3.58745
 41.2463 0.00119378 3.64309
 49.2388 0.00119378 3.69872
 58.7802 0.00119378 3.75436
 70.1704 0.00119378 3.81
 83.7678 0.00119378 3.86564
 100 0.00119378 3.91905
 119.378 0.00119378 3.97469
 142.51 0.00119378 4.03033
 170.125 0.00119378 4.08597
 203.092 0.00119378 4.14161
 242.446 0.00119378 4.19725
 289.427 0.00119378 4.25066
 345.511 0.00119378 4.3063
 412.463 0.00119378 4.36194
 492.388 0.00119378 4.41535
 587.802 0.00119378 4.47099
 701.704 0.00119378 4.52663
 837.678 0.00119378 4.58005
 1000 0.00119378 4.63568
 1 0.0014251 2.39232
 1.19378 0.0014251 2.45019
 1.4251 0.0014251 2.50805
 1.70125 0.0014251 2.56592
 2.03092 0.0014251 2.62378
 2.42446 0.0014251 2.68165
 2.89427 0.0014251 2.73951
 3.45511 0.0014251 2.79737
 4.12463 0.0014251 2.85301
 4.92388 0.0014251 2.91088
 5.87802 0.0014251 2.96874
 7.01704 0.0014251 3.02438
 8.37678 0.0014251 3.08002
 10 0.0014251 3.13788
 11.9378 0.0014251 3.19352
 14.251 0.0014251 3.25139
 17.0125 0.0014251 3.30703
 20.3092 0.0014251 3.36267
 24.2446 0.0014251 3.4183
 28.9427 0.0014251 3.47394
 34.5511 0.0014251 3.53181
 41.2463 0.0014251 3.58745
 49.2388 0.0014251 3.64309
 58.7802 0.0014251 3.69872
 70.1704 0.0014251 3.75436
 83.7678 0.0014251 3.81
 100 0.0014251 3.86564
 119.378 0.0014251 3.91905
 142.51 0.0014251 3.97469
 170.125 0.0014251 4.03033
 203.092 0.0014251 4.08597
 242.446 0.0014251 4.14161
 289.427 0.0014251 4.19725
 345.511 0.0014251 4.25066
 412.463 0.0014251 4.3063
 492.388 0.0014251 4.36194
 587.802 0.0014251 4.41535
 701.704 0.0014251 4.47099
 837.678 0.0014251 4.52663
 1000 0.0014251 4.58005
 1 0.00170125 2.33446
 1.19378 0.00170125 2.39232
 1.4251 0.00170125 2.45019
 1.70125 0.00170125 2.50805
 2.03092 0.00170125 2.56592
 2.42446 0.00170125 2.62378
 2.89427 0.00170125 2.68165
 3.45511 0.00170125 2.73951
 4.12463 0.00170125 2.79737
 4.92388 0.00170125 2.85301
 5.87802 0.00170125 2.91088
 7.01704 0.00170125 2.96874
 8.37678 0.00170125 3.02438
 10 0.00170125 3.08002
 11.9378 0.00170125 3.13788
 14.251 0.00170125 3.19352
 17.0125 0.00170125 3.25139
 20.3092 0.00170125 3.30703
 24.2446 0.00170125 3.36267
 28.9427 0.00170125 3.4183
 34.5511 0.00170125 3.47394
 41.2463 0.00170125 3.53181
 49.2388 0.00170125 3.58745
 58.7802 0.00170125 3.64309
 70.1704 0.00170125 3.69872
 83.7678 0.00170125 3.75436
 100 0.00170125 3.81
 119.378 0.00170125 3.86564
 142.51 0.00170125 3.91905
 170.125 0.00170125 3.97469
 203.092 0.00170125 4.03033
 242.446 0.00170125 4.08597
 289.427 0.00170125 4.14161
 345.511 0.00170125 4.19725
 412.463 0.00170125 4.25066
 492.388 0.00170125 4.3063
 587.802 0.00170125 4.36194
 701.704 0.00170125 4.41535
 837.678 0.00170125 4.47099
 1000 0.00170125 4.52663
 1 0.00203092 2.27437
 1.19378 0.00203092 2.33446
 1.4251 0.00203092 2.39232
 1.70125 0.00203092 2.45019
 2.03092 0.00203092 2.50805
 2.42446 0.00203092 2.56592
 2.89427 0.00203092 2.62378
 3.45511 0.00203092 2.68165
 4.12463 0.00203092 2.73951
 4.92388 0.00203092 2.79737
 5.87802 0.00203092 2.85301
 7.01704 0.00203092 2.91088
 8.37678 0.00203092 2.96874
 10 0.00203092 3.02438
 11.9378 0.00203092 3.08002
 14.251 0.00203092 3.13788
 17.0125 0.00203092 3.19352
 20.3092 0.00203092 3.25139
 24.2446 0.00203092 3.30703
 28.9427 0.00203092 3.36267
 34.5511 0.00203092 3.4183
 41.2463 0.00203092 3.47394
 49.2388 0.00203092 3.53181
 58.7802 0.00203092 3.58745
 70.1704 0.00203092 3.64309
 83.7678 0.00203092 3.69872
 100 0.00203092 3.75436
 119.378 0.00203092 3.81
 142.51 0.00203092 3.86564
 170.125 0.00203092 3.91905
 203.092 0.00203092 3.97469
 242.446 0.00203092 4.03033
 289.427 0.00203092 4.08597
 345.511 0.00203092 4.14161
 412.463 0.00203092 4.19725
 492.388 0.00203092 4.25066
 587.802 0.00203092 4.3063
 701.704 0.00203092 4.36194
 837.678 0.00203092 4.41535
 1000 0.00203092 4.47099
 1 0.00242446 2.2165
 1.19378 0.00242446 2.27437
 1.4251 0.00242446 2.33446
 1.70125 0.00242446 2.39232
 2.03092 0.00242446 2.45019
 2.42446 0.00242446 2.50805
 2.89427 0.00242446 2.56592
 3.45511 0.00242446 2.62378
 4.12463 0.00242446 2.68165
 4.92388 0.00242446 2.73951
 5.87802 0.00242446 2.79737
 7.01704 0.00242446 2.85301
 8.37678 0.00242446 2.91088
 10 0.00242446 2.96874
 11.9378 0.00242446 3.02438
 14.251 0.00242446 3.08002
 17.0125 0.00242446 3.13788
 20.3092 0.00242446 3.19352
 24.2446 0.00242446 3.25139
 28.9427 0.00242446 3.30703
 34.5511 0.00242446 3.36267
 41.2463 0.00242446 3.4183
 49.2388 0.00242446 3.47394
 58.7802 0.00242446 3.53181
 70.1704 0.00242446 3.58745
 83.7678 0.00242446 3.64309
 100 0.00242446 3.69872
 119.378 0.00242446 3.75436
 142.51 0.00242446 3.81
 170.125 0.00242446 3.86564
 203.092 0.00242446 3.91905
 242.446 0.00242446 3.97469
 289.427 0.00242446 4.03033
 345.511 0.00242446 4.08597
 412.463 0.00242446 4.14161
 492.388 0.00242446 4.19725
 587.802 0.00242446 4.25066
 701.704 0.00242446 4.3063
 837.678 0.00242446 4.36194
 1000 0.00242446 4.41535
 1 0.00289427 2.15641
 1.19378 0.00289427 2.2165
 1.4251 0.00289427 2.27437
 1.70125 0.00289427 2.33446
 2.03092 0.00289427 2.39232
 2.42446 0.00289427 2.45019
 2.89427 0.00289427 2.50805
 3.45511 0.00289427 2.56592
 4.12463 0.00289427 2.62378
 4.92388 0.00289427 2.68165
 5.87802 0.00289427 2.73951
 7.01704 0.00289427 2.79737
 8.37678 0.00289427 2.85301
 10 0.00289427 2.91088
 11.9378 0.00289427 2.96874
 14.251 0.00289427 3.02438
 17.0125 0.00289427 3.08002
 20.3092 0.00289427 3.13788
 24.2446 0.00289427 3.19352
 28.9427 0.00289427 3.25139
 34.5511 0.00289427 3.30703
 41.2463 0.00289427 3.36267
 49.2388 0.00289427 3.4183
 58.7802 0.00289427 3.47394
 70.1704 0.00289427 3.53181
 83.7678 0.00289427 3.58745
 100 0.00289427 3.64309
 119.378 0.00289427 3.69872
 142.51 0.00289427 3.75436
 170.125 0.00289427 3.81
 203.092 0.00289427 3.86564
 242.446 0.00289427 3.91905
 289.427 0.00289427 3.97469
 345.511 0.00289427 4.03033
 412.463 0.00289427 4.08597
 492.388 0.00289427 4.14161
 587.802 0.00289427 4.19725
 701.704 0.00289427 4.25066
 837.678 0.00289427 4.3063
 1000 0.00289427 4.36194
 1 0.00345511 2.09855
 1.19378 0.00345511 2.15641
 1.4251 0.00345511 2.2165
 1.70125 0.00345511 2.27437
 2.03092 0.00345511 2.33446
 2.42446 0.00345511 2.39232
 2.89427 0.00345511 2.45019
 3.45511 0.00345511 2.50805
 4.12463 0.00345511 2.56592
 4.92388 0.00345511 2.62378
 5.87802 0.00345511 2.68165
 7.01704 0.00345511 2.73951
 8.37678 0.00345511 2.79737
 10 0.00345511 2.85301
 11.9378 0.00345511 2.91088
 14.251 0.00345511 2.96874
 17.0125 0.00345511 3.02438
 20.3092 0.00345511 3.08002
 24.2446 0.00345511 3.13788
 28.9427 0.00345511 3.19352
 34.5511 0.00345511 3.25139
 41.2463 0.00345511 3.30703
 49.2388 0.00345511 3.36267
 58.7802 0.00345511 3.4183
 70.1704 0.00345511 3.47394
 83.7678 0.00345511 3.53181
 100 0.00345511 3.58745
 119.378 0.00345511 3.64309
 142.51 0.00345511 3.69872
 170.125 0.00345511 3.75436
 203.092 0.00345511 3.81
 242.446 0.00345511 3.86564
 289.427 0.00345511 3.91905
 345.511 0.00345511 3.97469
 412.463 0.00345511 4.03033
 492.388 0.00345511 4.08597
 587.802 0.00345511 4.14161
 701.704 0.00345511 4.19725
 837.678 0.00345511 4.25066
 1000 0.00345511 4.3063
 1 0.00412463 2.03846
 1.19378 0.00412463 2.09855
 1.4251 0.00412463 2.15641
 1.70125 0.00412463 2.2165
 2.03092 0.00412463 2.27437
 2.42446 0.00412463 2.33446
 2.89427 0.00412463 2.39232
 3.45511 0.00412463 2.45019
 4.12463 0.00412463 2.50805
 4.92388 0.00412463 2.56592
 5.87802 0.00412463 2.62378
 7.01704 0.00412463 2.68165
 8.37678 0.00412463 2.73951
 10 0.00412463 2.79737
 11.9378 0.00412463 2.85301
 14.251 0.00412463 2.91088
 17.0125 0.00412463 2.96874
 20.3092 0.00412463 3.02438
 24.2446 0.00412463 3.08002
 28.9427 0.00412463 3.13788
 34.5511 0.00412463 3.19352
 41.2463 0.00412463 3.25139
 49.2388 0.00412463 3.30703
 58.7802 0.00412463 3.36267
 70.1704 0.00412463 3.4183
 83.7678 0.00412463 3.47394
 100 0.00412463 3.53181
 119.378 0.00412463 3.58745
 142.51 0.00412463 3.64309
 170.125 0.00412463 3.69872
 203.092 0.00412463 3.75436
 242.446 0.00412463 3.81
 289.427 0.00412463 3.86564
 345.511 0.00412463 3.91905
 412.463 0.00412463 3.97469
 492.388 0.00412463 4.03033
 587.802 0.00412463 4.08597
 701.704 0.00412463 4.14161
 837.678 0.00412463 4.19725
 1000 0.00412463 4.25066
 1 0.00492388 1.97837
 1.19378 0.00492388 2.03846
 1.4251 0.00492388 2.09855
 1.70125 0.00492388 2.15641
 2.03092 0.00492388 2.2165
 2.42446 0.00492388 2.27437
 2.89427 0.00492388 2.33446
 3.45511 0.00492388 2.39232
 4.12463 0.00492388 2.45019
 4.92388 0.00492388 2.50805
 5.87802 0.00492388 2.56592
 7.01704 0.00492388 2.62378
 8.37678 0.00492388 2.68165
 10 0.00492388 2.73951
 11.9378 0.00492388 2.79737
 14.251 0.00492388 2.85301
 17.0125 0.00492388 2.91088
 20.3092 0.00492388 2.96874
 24.2446 0.00492388 3.02438
 28.9427 0.00492388 3.08002
 34.5511 0.00492388 3.13788
 41.2463 0.00492388 3.19352
 49.2388 0.00492388 3.25139
 58.7802 0.00492388 3.30703
 70.1704 0.00492388 3.36267
 83.7678 0.00492388 3.4183
 100 0.00492388 3.47394
 119.378 0.00492388 3.53181
 142.51 0.00492388 3.58745
 170.125 0.00492388 3.64309
 203.092 0.00492388 3.69872
 242.446 0.00492388 3.75436
 289.427 0.00492388 3.81
 345.511 0.00492388 3.86564
 412.463 0.00492388 3.91905
 492.388 0.00492388 3.97469
 587.802 0.00492388 4.03033
 701.704 0.00492388 4.08597
 837.678 0.00492388 4.14161
 1000 0.00492388 4.19725
 1 0.00587802 1.91828
 1.19378 0.00587802 1.97837
 1.4251 0.00587802 2.03846
 1.70125 0.00587802 2.09855
 2.03092 0.00587802 2.15641
 2.42446 0.00587802 2.2165
 2.89427 0.00587802 2.27437
 3.45511 0.00587802 2.33446
 4.12463 0.00587802 2.39232
 4.92388 0.00587802 2.45019
 5.87802 0.00587802 2.50805
 7.01704 0.00587802 2.56592
 8.37678 0.00587802 2.62378
 10 0.00587802 2.68165
 11.9378 0.00587802 2.73951
 14.251 0.00587802 2.79737
 17.0125 0.00587802 2.85301
 20.3092 0.00587802 2.91088
 24.2446 0.00587802 2.96874
 28.9427 0.00587802 3.02438
 34.5511 0.00587802 3.08002
 41.2463 0.00587802 3.13788
 49.2388 0.00587802 3.19352
 58.7802 0.00587802 3.25139
 70.1704 0.00587802 3.30703
 83.7678 0.00587802 3.36267
 100 0.00587802 3.4183
 119.378 0.00587802 3.47394
 142.51 0.00587802 3.53181
 170.125 0.00587802 3.58745
 203.092 0.00587802 3.64309
 242.446 0.00587802 3.69872
 289.427 0.00587802 3.75436
 345.511 0.00587802 3.81
 412.463 0.00587802 3.86564
 492.388 0.00587802 3.91905
 587.802 0.00587802 3.97469
 701.704 0.00587802 4.03033
 837.678 0.00587802 4.08597
 1000 0.00587802 4.14161
 1 0.00701704 1.85819
 1.19378 0.00701704 1.91828
 1.4251 0.00701704 1.97837
 1.70125 0.00701704 2.03846
 2.03092 0.00701704 2.09855
 2.42446 0.00701704 2.15641
 2.89427 0.00701704 2.2165
 3.45511 0.00701704 2.27437
 4.12463 0.00701704 2.33446
 4.92388 0.00701704 2.39232
 5.87802 0.00701704 2.45019
 7.01704 0.00701704 2.50805
 8.37678 0.00701704 2.56592
 10 0.00701704 2.62378
 11.9378 0.00701704 2.68165
 14.251 0.00701704 2.73951
 17.0125 0.00701704 2.79737
 20.3092 0.00701704 2.85301
 24.2446 0.00701704 2.91088
 28.9427 0.00701704 2.96874
 34.5511 0.00701704 3.02438
 41.2463 0.00701704 3.08002
 49.2388 0.00701704 3.13788
 58.7802 0.00701704 3.19352
 70.1704 0.00701704 3.25139
 83.7678 0.00701704 3.30703
 100 0.00701704 3.36267
 119.378 0.00701704 3.4183
 142.51 0.00701704 3.47394
 170.125 0.00701704 3.53181
 203.092 0.00701704 3.58745
 242.446 0.00701704 3.64309
 289.427 0.00701704 3.69872
 345.511 0.00701704 3.75436
 412.463 0.00701704 3.81
 492.388 0.00701704 3.86564
 587.802 0.00701704 3.91905
 701.704 0.00701704 3.97469
 837.678 0.00701704 4.03033
 1000 0.00701704 4.08597
 1 0.00837678 1.79587
 1.19378 0.00837678 1.85819
 1.4251 0.00837678 1.91828
 1.70125 0.00837678 1.97837
 2.03092 0.00837678 2.03846
 2.42446 0.00837678 2.09855
 2.89427 0.00837678 2.15641
 3.45511 0.00837678 2.2165
 4.12463 0.00837678 2.27437
 4.92388 0.00837678 2.33446
 5.87802 0.00837678 2.39232
 7.01704 0.00837678 2.45019
 8.37678 0.00837678 2.50805
 10 0.00837678 2.56592
 11.9378 0.00837678 2.62378
 14.251 0.00837678 2.68165
 17.0125 0.00837678 2.73951
 20.3092 0.00837678 2.79737
 24.2446 0.00837678 2.85301
 28.9427 0.00837678 2.91088
 34.5511 0.00837678 2.96874
 41.2463 0.00837678 3.02438
 49.2388 0.00837678 3.08002
 58.7802 0.00837678 3.13788
 70.1704 0.00837678 3.19352
 83.7678 0.00837678 3.25139
 100 0.00837678 3.30703
 119.378 0.00837678 3.36267
 142.51 0.00837678 3.4183
 170.125 0.00837678 3.47394
 203.092 0.00837678 3.53181
 242.446 0.00837678 3.58745
 289.427 0.00837678 3.64309
 345.511 0.00837678 3.69872
 412.463 0.00837678 3.75436
 492.388 0.00837678 3.81
 587.802 0.00837678 3.86564
 701.704 0.00837678 3.91905
 837.678 0.00837678 3.97469
 1000 0.00837678 4.03033
 1 0.01 1.73578
 1.19378 0.01 1.79587
 1.4251 0.01 1.85819
 1.70125 0.01 1.91828
 2.03092 0.01 1.97837
 2.42446 0.01 2.03846
 2.89427 0.01 2.09855
 3.45511 0.01 2.15641
 4.12463 0.01 2.2165
 4.92388 0.01 2.27437
 5.87802 0.01 2.33446
 7.01704 0.01 2.39232
 8.37678 0.01 2.45019
 10 0.01 2.50805
 11.9378 0.01 2.56592
 14.251 0.01 2.62378
 17.0125 0.01 2.68165
 20.3092 0.01 2.73951
 24.2446 0.01 2.79737
 28.9427 0.01 2.85301
 34.5511 0.01 2.91088
 41.2463 0.01 2.96874
 49.2388 0.01 3.02438
 58.7802 0.01 3.08002
 70.1704 0.01 3.13788
 83.7678 0.01 3.19352
 100 0.01 3.25139
 119.378 0.01 3.30703
 142.51 0.01 3.36267
 170.125 0.01 3.4183
 203.092 0.01 3.47394
 242.446 0.01 3.53181
 289.427 0.01 3.58745
 345.511 0.01 3.64309
 412.463 0.01 3.69872
 492.388 0.01 3.75436
 587.802 0.01 3.81
 701.704 0.01 3.86564
 837.678 0.01 3.91905
 1000 0.01 3.97469
 1 0.0119378 1.67347
 1.19378 0.0119378 1.73578
 1.4251 0.0119378 1.79587
 1.70125 0.0119378 1.85819
 2.03092 0.0119378 1.91828
 2.42446 0.0119378 1.97837
 2.89427 0.0119378 2.03846
 3.45511 0.0119378 2.09855
 4.12463 0.0119378 2.15641
 4.92388 0.0119378 2.2165
 5.87802 0.0119378 2.27437
 7.01704 0.0119378 2.33446
 8.37678 0.0119378 2.39232
 10 0.0119378 2.45019
 11.9378 0.0119378 2.50805
 14.251 0.0119378 2.56592
 17.0125 0.0119378 2.62378
 20.3092 0.0119378 2.68165
 24.2446 0.0119378 2.73951
 28.9427 0.0119378 2.79737
 34.5511 0.0119378 2.85301
 41.2463 0.0119378 2.91088
 49.2388 0.0119378 2.96874
 58.7802 0.0119378 3.02438
 70.1704 0.0119378 3.08002
 83.7678 0.0119378 3.13788
 100 0.0119378 3.19352
 119.378 0.0119378 3.25139
 142.51 0.0119378 3.30703
 170.125 0.0119378 3.36267
 203.092 0.0119378 3.4183
 242.446 0.0119378 3.47394
 289.427 0.0119378 3.53181
 345.511 0.0119378 3.58745
 412.463 0.0119378 3.64309
 492.388 0.0119378 3.69872
 587.802 0.0119378 3.75436
 701.704 0.0119378 3.81
 837.678 0.0119378 3.86564
 1000 0.0119378 3.91905
 1 0.014251 1.61115
 1.19378 0.014251 1.67347
 1.4251 0.014251 1.73578
 1.70125 0.014251 1.79587
 2.03092 0.014251 1.85819
 2.42446 0.014251 1.91828
 2.89427 0.014251 1.97837
 3.45511 0.014251 2.03846
 4.12463 0.014251 2.09855
 4.92388 0.014251 2.15641
 5.87802 0.014251 2.2165
 7.01704 0.014251 2.27437
 8.37678 0.014251 2.33446
 10 0.014251 2.39232
 11.9378 0.014251 2.45019
 14.251 0.014251 2.50805
 17.0125 0.014251 2.56592
 20.3092 0.014251 2.62378
 24.2446 0.014251 2.68165
 28.9427 0.014251 2.73951
 34.5511 0.014251 2.79737
 41.2463 0.014251 2.85301
 49.2388 0.014251 2.91088
 58.7802 0.014251 2.96874
 70.1704 0.014251 3.02438
 83.7678 0.014251 3.08002
 100 0.014251 3.13788
 119.378 0.014251 3.19352
 142.51 0.014251 3.25139
 170.125 0.014251 3.30703
 203.092 0.014251 3.36267
 242.446 0.014251 3.4183
 289.427 0.014251 3.47394
 345.511 0.014251 3.53181
 412.463 0.014251 3.58745
 492.388 0.014251 3.64309
 587.802 0.014251 3.69872
 701.704 0.014251 3.75436
 837.678 0.014251 3.81
 1000 0.014251 3.86564
 1 0.0170125 1.54884
 1.19378 0.0170125 1.61115
 1.4251 0.0170125 1.67347
 1.70125 0.0170125 1.73578
 2.03092 0.0170125 1.79587
 2.42446 0.0170125 1.85819
 2.89427 0.0170125 1.91828
 3.45511 0.0170125 1.97837
 4.12463 0.0170125 2.03846
 4.92388 0.0170125 2.09855
 5.87802 0.0170125 2.15641
 7.01704 0.0170125 2.2165
 8.37678 0.0170125 2.27437
 10 0.0170125 2.33446
 11.9378 0.0170125 2.39232
 14.251 0.0170125 2.45019
 17.0125 0.0170125 2.50805
 20.3092 0.0170125 2.56592
 24.2446 0.0170125 2.62378
 28.9427 0.0170125 2.68165
 34.5511 0.0170125 2.73951
 41.2463 0.0170125 2.79737
 49.2388 0.0170125 2.85301
 58.7802 0.0170125 2.91088
 70.1704 0.0170125 2.96874
 83.7678 0.0170125 3.02438
 100 0.0170125 3.08002
 119.378 0.0170125 3.13788
 142.51 0.0170125 3.19352
 170.125 0.0170125 3.25139
 203.092 0.0170125 3.30703
 242.446 0.0170125 3.36267
 289.427 0.0170125 3.4183
 345.511 0.0170125 3.47394
 412.463 0.0170125 3.53181
 492.388 0.0170125 3.58745
 587.802 0.0170125 3.64309
 701.704 0.0170125 3.69872
 837.678 0.0170125 3.75436
 1000 0.0170125 3.81
 1 0.0203092 1.4843
 1.19378 0.0203092 1.54884
 1.4251 0.0203092 1.61115
 1.70125 0.0203092 1.67347
 2.03092 0.0203092 1.73578
 2.42446 0.0203092 1.79587
 2.89427 0.0203092 1.85819
 3.45511 0.0203092 1.91828
 4.12463 0.0203092 1.97837
 4.92388 0.0203092 2.03846
 5.87802 0.0203092 2.09855
 7.01704 0.0203092 2.15641
 8.37678 0.0203092 2.2165
 10 0.0203092 2.27437
 11.9378 0.0203092 2.33446
 14.251 0.0203092 2.39232
 17.0125 0.0203092 2.45019
 20.3092 0.0203092 2.50805
 24.2446 0.0203092 2.56592
 28.9427 0.0203092 2.62378
 34.5511 0.0203092 2.68165
 41.2463 0.0203092 2.73951
 49.2388 0.0203092 2.79737
 58.7802 0.0203092 2.85301
 70.1704 0.0203092 2.91088
 83.7678 0.0203092 2.96874
 100 0.0203092 3.02438
 119.378 0.0203092 3.08002
 142.51 0.0203092 3.13788
 170.125 0.0203092 3.19352
 203.092 0.0203092 3.25139
 242.446 0.0203092 3.30703
 289.427 0.0203092 3.36267
 345.511 0.0203092 3.4183
 412.463 0.0203092 3.47394
 492.388 0.0203092 3.53181
 587.802 0.0203092 3.58745
 701.704 0.0203092 3.64309
 837.678 0.0203092 3.69872
 1000 0.0203092 3.75436
 1 0.0242446 1.42198
 1.19378 0.0242446 1.4843
 1.4251 0.0242446 1.54884
 1.70125 0.0242446 1.61115
 2.03092 0.0242446 1.67347
 2.42446 0.0242446 1.73578
 2.89427 0.0242446 1.79587
 3.45511 0.0242446 1.85819
 4.12463 0.0242446 1.91828
 4.92388 0.0242446 1.97837
 5.87802 0.0242446 2.03846
 7.01704 0.0242446 2.09855
 8.37678 0.0242446 2.15641
 10 0.0242446 2.2165
 11.9378 0.0242446 2.27437
 14.251 0.0242446 2.33446
 17.0125 0.0242446 2.39232
 20.3092 0.0242446 2.45019
 24.2446 0.0242446 2.50805
 28.9427 0.0242446 2.56592
 34.5511 0.0242446 2.62378
 41.2463 0.0242446 2.68165
 49.2388 0.0242446 2.73951
 58.7802 0.0242446 2.79737
 70.1704 0.0242446 2.85301
 83.7678 0.0242446 2.91088
 100 0.0242446 2.96874
 119.378 0.0242446 3.02438
 142.51 0.0242446 3.08002
 170.125 0.0242446 3.13788
 203.092 0.0242446 3.19352
 242.446 0.0242446 3.25139
 289.427 0.0242446 3.30703
 345.511 0.0242446 3.36267
 412.463 0.0242446 3.4183
 492.388 0.0242446 3.47394
 587.802 0.0242446 3.53181
 701.704 0.0242446 3.58745
 837.678 0.0242446 3.64309
 1000 0.0242446 3.69872
 1 0.0289427 1.35521
 1.19378 0.0289427 1.42198
 1.4251 0.0289427 1.4843
 1.70125 0.0289427 1.54884
 2.03092 0.0289427 1.61115
 2.42446 0.0289427 1.67347
 2.89427 0.0289427 1.73578
 3.45511 0.0289427 1.79587
 4.12463 0.0289427 1.85819
 4.92388 0.0289427 1.91828
 5.87802 0.0289427 1.97837
 7.01704 0.0289427 2.03846
 8.37678 0.0289427 2.09855
 10 0.0289427 2.15641
 11.9378 0.0289427 2.2165
 14.251 0.0289427 2.27437
 17.0125 0.0289427 2.33446
 20.3092 0.0289427 2.39232
 24.2446 0.0289427 2.45019
 28.9427 0.0289427 2.50805
 34.5511 0.0289427 2.56592
 41.2463 0.0289427 2.62378
 49.2388 0.0289427 2.68165
 58.7802 0.0289427 2.73951
 70.1704 0.0289427 2.79737
 83.7678 0.0289427 2.85301
 100 0.0289427 2.91088
 119.378 0.0289427 2.96874
 142.51 0.0289427 3.02438
 170.125 0.0289427 3.08002
 203.092 0.0289427 3.13788
 242.446 0.0289427 3.19352
 289.427 0.0289427 3.25139
 345.511 0.0289427 3.30703
 412.463 0.0289427 3.36267
 492.388 0.0289427 3.4183
 587.802 0.0289427 3.47394
 701.704 0.0289427 3.53181
 837.678 0.0289427 3.58745
 1000 0.0289427 3.64309
 1 0.0345511 1.29067
 1.19378 0.0345511 1.35521
 1.4251 0.0345511 1.42198
 1.70125 0.0345511 1.4843
 2.03092 0.0345511 1.54884
 2.42446 0.0345511 1.61115
 2.89427 0.0345511 1.67347
 3.45511 0.0345511 1.73578
 4.12463 0.0345511 1.79587
 4.92388 0.0345511 1.85819
 5.87802 0.0345511 1.91828
 7.01704 0.0345511 1.97837
 8.37678 0.0345511 2.03846
 10 0.0345511 2.09855
 11.9378 0.0345511 2.15641
 14.251 0.0345511 2.2165
 17.0125 0.0345511 2.27437
 20.3092 0.0345511 2.33446
 24.2446 0.0345511 2.39232
 28.9427 0.0345511 2.45019
 34.5511 0.0345511 2.50805
 41.2463 0.0345511 2.56592
 49.2388 0.0345511 2.62378
 58.7802 0.0345511 2.68165
 70.1704 0.0345511 2.73951
 83.7678 0.0345511 2.79737
 100 0.0345511 2.85301
 119.378 0.0345511 2.91088
 142.51 0.0345511 2.96874
 170.125 0.0345511 3.02438
 203.092 0.0345511 3.08002
 242.446 0.0345511 3.13788
 289.427 0.0345511 3.19352
 345.511 0.0345511 3.25139
 412.463 0.0345511 3.30703
 492.388 0.0345511 3.36267
 587.802 0.0345511 3.4183
 701.704 0.0345511 3.47394
 837.678 0.0345511 3.53181
 1000 0.0345511 3.58745
 1 0.0412463 1.22391
 1.19378 0.0412463 1.29067
 1.4251 0.0412463 1.35521
 1.70125 0.0412463 1.42198
 2.03092 0.0412463 1.4843
 2.42446 0.0412463 1.54884
 2.89427 0.0412463 1.61115
 3.45511 0.0412463 1.67347
 4.12463 0.0412463 1.73578
 4.92388 0.0412463 1.79587
 5.87802 0.0412463 1.85819
 7.01704 0.0412463 1.91828
 8.37678 0.0412463 1.97837
 10 0.0412463 2.03846
 11.9378 0.0412463 2.09855
 14.251 0.0412463 2.15641
 17.0125 0.0412463 2.2165
 20.3092 0.0412463 2.27437
 24.2446 0.0412463 2.33446
 28.9427 0.0412463 2.39232
 34.5511 0.0412463 2.45019
 41.2463 0.0412463 2.50805
 49.2388 0.0412463 2.56592
 58.7802 0.0412463 2.62378
 70.1704 0.0412463 2.68165
 83.7678 0.0412463 2.73951
 100 0.0412463 2.79737
 119.378 0.0412463 2.85301
 142.51 0.0412463 2.91088
 170.125 0.0412463 2.96874
 203.092 0.0412463 3.02438
 242.446 0.0412463 3.08002
 289.427 0.0412463 3.13788
 345.511 0.0412463 3.19352
 412.463 0.0412463 3.25139
 492.388 0.0412463 3.30703
 587.802 0.0412463 3.36267
 701.704 0.0412463 3.4183
 837.678 0.0412463 3.47394
 1000 0.0412463 3.53181
 1 0.0492388 1.15714
 1.19378 0.0492388 1.22391
 1.4251 0.0492388 1.29067
 1.70125 0.0492388 1.35521
 2.03092 0.0492388 1.42198
 2.42446 0.0492388 1.4843
 2.89427 0.0492388 1.54884
 3.45511 0.0492388 1.61115
 4.12463 0.0492388 1.67347
 4.92388 0.0492388 1.73578
 5.87802 0.0492388 1.79587
 7.01704 0.0492388 1.85819
 8.37678 0.0492388 1.91828
 10 0.0492388 1.97837
 11.9378 0.0492388 2.03846
 14.251 0.0492388 2.09855
 17.0125 0.0492388 2.15641
 20.3092 0.0492388 2.2165
 24.2446 0.0492388 2.27437
 28.9427 0.0492388 2.33446
 34.5511 0.0492388 2.39232
 41.2463 0.0492388 2.45019
 49.2388 0.0492388 2.50805
 58.7802 0.0492388 2.56592
 70.1704 0.0492388 2.62378
 83.7678 0.0492388 2.68165
 100 0.0492388 2.73951
 119.378 0.0492388 2.79737
 142.51 0.0492388 2.85301
 170.125 0.0492388 2.91088
 203.092 0.0492388 2.96874
 242.446 0.0492388 3.02438
 289.427 0.0492388 3.08002
 345.511 0.0492388 3.13788
 412.463 0.0492388 3.19352
 492.388 0.0492388 3.25139
 587.802 0.0492388 3.30703
 701.704 0.0492388 3.36267
 837.678 0.0492388 3.4183
 1000 0.0492388 3.47394
 1 0.0587802 1.08592
 1.19378 0.0587802 1.15714
 1.4251 0.0587802 1.22391
 1.70125 0.0587802 1.29067
 2.03092 0.0587802 1.35521
 2.42446 0.0587802 1.42198
 2.89427 0.0587802 1.4843
 3.45511 0.0587802 1.54884
 4.12463 0.0587802 1.61115
 4.92388 0.0587802 1.67347
 5.87802 0.0587802 1.73578
 7.01704 0.0587802 1.79587
 8.37678 0.0587802 1.85819
 10 0.0587802 1.91828
 11.9378 0.0587802 1.97837
 14.251 0.0587802 2.03846
 17.0125 0.0587802 2.09855
 20.3092 0.0587802 2.15641
 24.2446 0.0587802 2.2165
 28.9427 0.0587802 2.27437
 34.5511 0.0587802 2.33446
 41.2463 0.0587802 2.39232
 49.2388 0.0587802 2.45019
 58.7802 0.0587802 2.50805
 70.1704 0.0587802 2.56592
 83.7678 0.0587802 2.62378
 100 0.0587802 2.68165
 119.378 0.0587802 2.73951
 142.51 0.0587802 2.79737
 170.125 0.0587802 2.85301
 203.092 0.0587802 2.91088
 242.446 0.0587802 2.96874
 289.427 0.0587802 3.02438
 345.511 0.0587802 3.08002
 412.463 0.0587802 3.13788
 492.388 0.0587802 3.19352
 587.802 0.0587802 3.25139
 701.704 0.0587802 3.30703
 837.678 0.0587802 3.36267
 1000 0.0587802 3.4183
 1 0.0701704 1.01693
 1.19378 0.0701704 1.08592
 1.4251 0.0701704 1.15714
 1.70125 0.0701704 1.22391
 2.03092 0.0701704 1.29067
 2.42446 0.0701704 1.35521
 2.89427 0.0701704 1.42198
 3.45511 0.0701704 1.4843
 4.12463 0.0701704 1.54884
 4.92388 0.0701704 1.61115
 5.87802 0.0701704 1.67347
 7.01704 0.0701704 1.73578
 8.37678 0.0701704 1.79587
 10 0.0701704 1.85819
 11.9378 0.0701704 1.91828
 14.251 0.0701704 1.97837
 17.0125 0.0701704 2.03846
 20.3092 0.0701704 2.09855
 24.2446 0.0701704 2.15641
 28.9427 0.0701704 2.2165
 34.5511 0.0701704 2.27437
 41.2463 0.0701704 2.33446
 49.2388 0.0701704 2.39232
 58.7802 0.0701704 2.45019
 70.1704 0.0701704 2.50805
 83.7678 0.0701704 2.56592
 100 0.0701704 2.62378
 119.378 0.0701704 2.68165
 142.51 0.0701704 2.73951
 170.125 0.0701704 2.79737
 203.092 0.0701704 2.85301
 242.446 0.0701704 2.91088
 289.427 0.0701704 2.96874
 345.511 0.0701704 3.02438
 412.463 0.0701704 3.08002
 492.388 0.0701704 3.13788
 587.802 0.0701704 3.19352
 701.704 0.0701704 3.25139
 837.678 0.0701704 3.30703
 1000 0.0701704 3.36267
 1 0.0837678 0.943486
 1.19378 0.0837678 1.01693
 1.4251 0.0837678 1.08592
 1.70125 0.0837678 1.15714
 2.03092 0.0837678 1.22391
 2.42446 0.0837678 1.29067
 2.89427 0.0837678 1.35521
 3.45511 0.0837678 1.42198
 4.12463 0.0837678 1.4843
 4.92388 0.0837678 1.54884
 5.87802 0.0837678 1.61115
 7.01704 0.0837678 1.67347
 8.37678 0.0837678 1.73578
 10 0.0837678 1.79587
 11.9378 0.0837678 1.85819
 14.251 0.0837678 1.91828
 17.0125 0.0837678 1.97837
 20.3092 0.0837678 2.03846
 24.2446 0.0837678 2.09855
 28.9427 0.0837678 2.15641
 34.5511 0.0837678 2.2165
 41.2463 0.0837678 2.27437
 49.2388 0.0837678 2.33446
 58.7802 0.0837678 2.39232
 70.1704 0.0837678 2.45019
 83.7678 0.0837678 2.50805
 100 0.0837678 2.56592
 119.378 0.0837678 2.62378
 142.51 0.0837678 2.68165
 170.125 0.0837678 2.73951
 203.092 0.0837678 2.79737
 242.446 0.0837678 2.85301
 289.427 0.0837678 2.91088
 345.511 0.0837678 2.96874
 412.463 0.0837678 3.02438
 492.388 0.0837678 3.08002
 587.802 0.0837678 3.13788
 701.704 0.0837678 3.19352
 837.678 0.0837678 3.25139
 1000 0.0837678 3.30703
 1 0.1 0.867817
 1.19378 0.1 0.943486
 1.4251 0.1 1.01693
 1.70125 0.1 1.08592
 2.03092 0.1 1.15714
 2.42446 0.1 1.22391
 2.89427 0.1 1.29067
 3.45511 0.1 1.35521
 4.12463 0.1 1.42198
 4.92388 0.1 1.4843
 5.87802 0.1 1.54884
 7.01704 0.1 1.61115
 8.37678 0.1 1.67347
 10 0.1 1.73578
 11.9378 0.1 1.79587
 14.251 0.1 1.85819
 17.0125 0.1 1.91828
 20.3092 0.1 1.97837
 24.2446 0.1 2.03846
 28.9427 0.1 2.09855
 34.5511 0.1 2.15641
 41.2463 0.1 2.2165
 49.2388 0.1 2.27437
 58.7802 0.1 2.33446
 70.1704 0.1 2.39232
 83.7678 0.1 2.45019
 100 0.1 2.50805
 119.378 0.1 2.56592
 142.51 0.1 2.62378
 170.125 0.1 2.68165
 203.092 0.1 2.73951
 242.446 0.1 2.79737
 289.427 0.1 2.85301
 345.511 0.1 2.91088
 412.463 0.1 2.96874
 492.388 0.1 3.02438
 587.802 0.1 3.08002
 701.704 0.1 3.13788
 837.678 0.1 3.19352
 1000 0.1 3.25139
 1 0.119378 0.789922
 1.19378 0.119378 0.867817
 1.4251 0.119378 0.943486
 1.70125 0.119378 1.01693
 2.03092 0.119378 1.08592
 2.42446 0.119378 1.15714
 2.89427 0.119378 1.22391
 3.45511 0.119378 1.29067
 4.12463 0.119378 1.35521
 4.92388 0.119378 1.42198
 5.87802 0.119378 1.4843
 7.01704 0.119378 1.54884
 8.37678 0.119378 1.61115
 10 0.119378 1.67347
 11.9378 0.119378 1.73578
 14.251 0.119378 1.79587
 17.0125 0.119378 1.85819
 20.3092 0.119378 1.91828
 24.2446 0.119378 1.97837
 28.9427 0.119378 2.03846
 34.5511 0.119378 2.09855
 41.2463 0.119378 2.15641
 49.2388 0.119378 2.2165
 58.7802 0.119378 2.27437
 70.1704 0.119378 2.33446
 83.7678 0.119378 2.39232
 100 0.119378 2.45019
 119.378 0.119378 2.50805
 142.51 0.119378 2.56592
 170.125 0.119378 2.62378
 203.092 0.119378 2.68165
 242.446 0.119378 2.73951
 289.427 0.119378 2.79737
 345.511 0.119378 2.85301
 412.463 0.119378 2.91088
 492.388 0.119378 2.96874
 587.802 0.119378 3.02438
 701.704 0.119378 3.08002
 837.678 0.119378 3.13788
 1000 0.119378 3.19352
 1 0.14251 0.705351
 1.19378 0.14251 0.789922
 1.4251 0.14251 0.867817
 1.70125 0.14251 0.943486
 2.03092 0.14251 1.01693
 2.42446 0.14251 1.08592
 2.89427 0.14251 1.15714
 3.45511 0.14251 1.22391
 4.12463 0.14251 1.29067
 4.92388 0.14251 1.35521
 5.87802 0.14251 1.42198
 7.01704 0.14251 1.4843
 8.37678 0.14251 1.54884
 10 0.14251 1.61115
 11.9378 0.14251 1.67347
 14.251 0.14251 1.73578
 17.0125 0.14251 1.79587
 20.3092 0.14251 1.85819
 24.2446 0.14251 1.91828
 28.9427 0.14251 1.97837
 34.5511 0.14251 2.03846
 41.2463 0.14251 2.09855
 49.2388 0.14251 2.15641
 58.7802 0.14251 2.2165
 70.1704 0.14251 2.27437
 83.7678 0.14251 2.33446
 100 0.14251 2.39232
 119.378 0.14251 2.45019
 142.51 0.14251 2.50805
 170.125 0.14251 2.56592
 203.092 0.14251 2.62378
 242.446 0.14251 2.68165
 289.427 0.14251 2.73951
 345.511 0.14251 2.79737
 412.463 0.14251 2.85301
 492.388 0.14251 2.91088
 587.802 0.14251 2.96874
 701.704 0.14251 3.02438
 837.678 0.14251 3.08002
 1000 0.14251 3.13788
 1 0.170125 0.1
 1.19378 0.170125 0.705351
 1.4251 0.170125 0.789922
 1.70125 0.170125 0.867817
 2.03092 0.170125 0.943486
 2.42446 0.170125 1.01693
 2.89427 0.170125 1.08592
 3.45511 0.170125 1.15714
 4.12463 0.170125 1.22391
 4.92388 0.170125 1.29067
 5.87802 0.170125 1.35521
 7.01704 0.170125 1.42198
 8.37678 0.170125 1.4843
 10 0.170125 1.54884
 11.9378 0.170125 1.61115
 14.251 0.170125 1.67347
 17.0125 0.170125 1.73578
 20.3092 0.170125 1.79587
 24.2446 0.170125 1.85819
 28.9427 0.170125 1.91828
 34.5511 0.170125 1.97837
 41.2463 0.170125 2.03846
 49.2388 0.170125 2.09855
 58.7802 0.170125 2.15641
 70.1704 0.170125 2.2165
 83.7678 0.170125 2.27437
 100 0.170125 2.33446
 119.378 0.170125 2.39232
 142.51 0.170125 2.45019
 170.125 0.170125 2.50805
 203.092 0.170125 2.56592
 242.446 0.170125 2.62378
 289.427 0.170125 2.68165
 345.511 0.170125 2.73951
 412.463 0.170125 2.79737
 492.388 0.170125 2.85301
 587.802 0.170125 2.91088
 701.704 0.170125 2.96874
 837.678 0.170125 3.02438
 1000 0.170125 3.08002
 1 0.203092 0.1
 1.19378 0.203092 0.1
 1.4251 0.203092 0.705351
 1.70125 0.203092 0.789922
 2.03092 0.203092 0.867817
 2.42446 0.203092 0.943486
 2.89427 0.203092 1.01693
 3.45511 0.203092 1.08592
 4.12463 0.203092 1.15714
 4.92388 0.203092 1.22391
 5.87802 0.203092 1.29067
 7.01704 0.203092 1.35521
 8.37678 0.203092 1.42198
 10 0.203092 1.4843
 11.9378 0.203092 1.54884
 14.251 0.203092 1.61115
 17.0125 0.203092 1.67347
 20.3092 0.203092 1.73578
 24.2446 0.203092 1.79587
 28.9427 0.203092 1.85819
 34.5511 0.203092 1.91828
 41.2463 0.203092 1.97837
 49.2388 0.203092 2.03846
 58.7802 0.203092 2.09855
 70.1704 0.203092 2.15641
 83.7678 0.203092 2.2165
 100 0.203092 2.27437
 119.378 0.203092 2.33446
 142.51 0.203092 2.39232
 170.125 0.203092 2.45019
 203.092 0.203092 2.50805
 242.446 0.203092 2.56592
 289.427 0.203092 2.62378
 345.511 0.203092 2.68165
 412.463 0.203092 2.73951
 492.388 0.203092 2.79737
 587.802 0.203092 2.85301
 701.704 0.203092 2.91088
 837.678 0.203092 2.96874
 1000 0.203092 3.02438
 1 0.242446 0.1
 1.19378 0.242446 0.1
 1.4251 0.242446 0.1
 1.70125 0.242446 0.705351
 2.03092 0.242446 0.789922
 2.42446 0.242446 0.867817
 2.89427 0.242446 0.943486
 3.45511 0.242446 1.01693
 4.12463 0.242446 1.08592
 4.92388 0.242446 1.15714
 5.87802 0.242446 1.22391
 7.01704 0.242446 1.29067
 8.37678 0.242446 1.35521
 10 0.242446 1.42198
 11.9378 0.242446 1.4843
 14.251 0.242446 1.54884
 17.0125 0.242446 1.61115
 20.3092 0.242446 1.67347
 24.2446 0.242446 1.73578
 28.9427 0.242446 1.79587
 34.5511 0.242446 1.85819
 41.2463 0.242446 1.91828
 49.2388 0.242446 1.97837
 58.7802 0.242446 2.03846
 70.1704 0.242446 2.09855
 83.7678 0.242446 2.15641
 100 0.242446 2.2165
 119.378 0.242446 2.27437
 142.51 0.242446 2.33446
 170.125 0.242446 2.39232
 203.092 0.242446 2.45019
 242.446 0.242446 2.50805
 289.427 0.242446 2.56592
 345.511 0.242446 2.62378
 412.463 0.242446 2.68165
 492.388 0.242446 2.73951
 587.802 0.242446 2.79737
 701.704 0.242446 2.85301
 837.678 0.242446 2.91088
 1000 0.242446 2.96874
 1 0.289427 0.1
 1.19378 0.289427 0.1
 1.4251 0.289427 0.1
 1.70125 0.289427 0.1
 2.03092 0.289427 0.705351
 2.42446 0.289427 0.789922
 2.89427 0.289427 0.867817
 3.45511 0.289427 0.943486
 4.12463 0.289427 1.01693
 4.92388 0.289427 1.08592
 5.87802 0.289427 1.15714
 7.01704 0.289427 1.22391
 8.37678 0.289427 1.29067
 10 0.289427 1.35521
 11.9378 0.289427 1.42198
 14.251 0.289427 1.4843
 17.0125 0.289427 1.54884
 20.3092 0.289427 1.61115
 24.2446 0.289427 1.67347
 28.9427 0.289427 1.73578
 34.5511 0.289427 1.79587
 41.2463 0.289427 1.85819
 49.2388 0.289427 1.91828
 58.7802 0.289427 1.97837
 70.1704 0.289427 2.03846
 83.7678 0.289427 2.09855
 100 0.289427 2.15641
 119.378 0.289427 2.2165
 142.51 0.289427 2.27437
 170.125 0.289427 2.33446
 203.092 0.289427 2.39232
 242.446 0.289427 2.45019
 289.427 0.289427 2.50805
 345.511 0.289427 2.56592
 412.463 0.289427 2.62378
 492.388 0.289427 2.68165
 587.802 0.289427 2.73951
 701.704 0.289427 2.79737
 837.678 0.289427 2.85301
 1000 0.289427 2.91088
 1 0.345511 0.1
 1.19378 0.345511 0.1
 1.4251 0.345511 0.1
 1.70125 0.345511 0.1
 2.03092 0.345511 0.1
 2.42446 0.345511 0.705351
 2.89427 0.345511 0.789922
 3.45511 0.345511 0.867817
 4.12463 0.345511 0.943486
 4.92388 0.345511 1.01693
 5.87802 0.345511 1.08592
 7.01704 0.345511 1.15714
 8.37678 0.345511 1.22391
 10 0.345511 1.29067
 11.9378 0.345511 1.35521
 14.251 0.345511 1.42198
 17.0125 0.345511 1.4843
 20.3092 0.345511 1.54884
 24.2446 0.345511 1.61115
 28.9427 0.345511 1.67347
 34.5511 0.345511 1.73578
 41.2463 0.345511 1.79587
 49.2388 0.345511 1.85819
 58.7802 0.345511 1.91828
 70.1704 0.345511 1.97837
 83.7678 0.345511 2.03846
 100 0.345511 2.09855
 119.378 0.345511 2.15641
 142.51 0.345511 2.2165
 170.125 0.345511 2.27437
 203.092 0.345511 2.33446
 242.446 0.345511 2.39232
 289.427 0.345511 2.45019
 345.511 0.345511 2.50805
 412.463 0.345511 2.56592
 492.388 0.345511 2.62378
 587.802 0.345511 2.68165
 701.704 0.345511 2.73951
 837.678 0.345511 2.79737
 1000 0.345511 2.85301
 1 0.412463 0.1
 1.19378 0.412463 0.1
 1.4251 0.412463 0.1
 1.70125 0.412463 0.1
 2.03092 0.412463 0.1
 2.42446 0.412463 0.1
 2.89427 0.412463 0.705351
 3.45511 0.412463 0.789922
 4.12463 0.412463 0.867817
 4.92388 0.412463 0.943486
 5.87802 0.412463 1.01693
 7.01704 0.412463 1.08592
 8.37678 0.412463 1.15714
 10 0.412463 1.22391
 11.9378 0.412463 1.29067
 14.251 0.412463 1.35521
 17.0125 0.412463 1.42198
 20.3092 0.412463 1.4843
 24.2446 0.412463 1.54884
 28.9427 0.412463 1.61115
 34.5511 0.412463 1.67347
 41.2463 0.412463 1.73578
 49.2388 0.412463 1.79587
 58.7802 0.412463 1.85819
 70.1704 0.412463 1.91828
 83.7678 0.412463 1.97837
 100 0.412463 2.03846
 119.378 0.412463 2.09855
 142.51 0.412463 2.15641
 170.125 0.412463 2.2165
 203.092 0.412463 2.27437
 242.446 0.412463 2.33446
 289.427 0.412463 2.39232
 345.511 0.412463 2.45019
 412.463 0.412463 2.50805
 492.388 0.412463 2.56592
 587.802 0.412463 2.62378
 701.704 0.412463 2.68165
 837.678 0.412463 2.73951
 1000 0.412463 2.79737
 1 0.492388 0.1
 1.19378 0.492388 0.1
 1.4251 0.492388 0.1
 1.70125 0.492388 0.1
 2.03092 0.492388 0.1
 2.42446 0.492388 0.1
 2.89427 0.492388 0.1
 3.45511 0.492388 0.705351
 4.12463 0.492388 0.789922
 4.92388 0.492388 0.867817
 5.87802 0.492388 0.943486
 7.01704 0.492388 1.01693
 8.37678 0.492388 1.08592
 10 0.492388 1.15714
 11.9378 0.492388 1.22391
 14.251 0.492388 1.29067
 17.0125 0.492388 1.35521
 20.3092 0.492388 1.42198
 24.2446 0.492388 1.4843
 28.9427 0.492388 1.54884
 34.5511 0.492388 1.61115
 41.2463 0.492388 1.67347
 49.2388 0.492388 1.73578
 58.7802 0.492388 1.79587
 70.1704 0.492388 1.85819
 83.7678 0.492388 1.91828
 100 0.492388 1.97837
 119.378 0.492388 2.03846
 142.51 0.492388 2.09855
 170.125 0.492388 2.15641
 203.092 0.492388 2.2165
 242.446 0.492388 2.27437
 289.427 0.492388 2.33446
 345.511 0.492388 2.39232
 412.463 0.492388 2.45019
 492.388 0.492388 2.50805
 587.802 0.492388 2.56592
 701.704 0.492388 2.62378
 837.678 0.492388 2.68165
 1000 0.492388 2.73951
 1 0.587802 0.1
 1.19378 0.587802 0.1
 1.4251 0.587802 0.1
 1.70125 0.587802 0.1
 2.03092 0.587802 0.1
 2.42446 0.587802 0.1
 2.89427 0.587802 0.1
 3.45511 0.587802 0.1
 4.12463 0.587802 0.705351
 4.92388 0.587802 0.789922
 5.87802 0.587802 0.867817
 7.01704 0.587802 0.943486
 8.37678 0.587802 1.01693
 10 0.587802 1.08592
 11.9378 0.587802 1.15714
 14.251 0.587802 1.22391
 17.0125 0.587802 1.29067
 20.3092 0.587802 1.35521
 24.2446 0.587802 1.42198
 28.9427 0.587802 1.4843
 34.5511 0.587802 1.54884
 41.2463 0.587802 1.61115
 49.2388 0.587802 1.67347
 58.7802 0.587802 1.73578
 70.1704 0.587802 1.79587
 83.7678 0.587802 1.85819
 100 0.587802 1.91828
 119.378 0.587802 1.97837
 142.51 0.587802 2.03846
 170.125 0.587802 2.09855
 203.092 0.587802 2.15641
 242.446 0.587802 2.2165
 289.427 0.587802 2.27437
 345.511 0.587802 2.33446
 412.463 0.587802 2.39232
 492.388 0.587802 2.45019
 587.802 0.587802 2.50805
 701.704 0.587802 2.56592
 837.678 0.587802 2.62378
 1000 0.587802 2.68165
 1 0.701704 0.1
 1.19378 0.701704 0.1
 1.4251 0.701704 0.1
 1.70125 0.701704 0.1
 2.03092 0.701704 0.1
 2.42446 0.701704 0.1
 2.89427 0.701704 0.1
 3.45511 0.701704 0.1
 4.12463 0.701704 0.1
 4.92388 0.701704 0.705351
 5.87802 0.701704 0.789922
 7.01704 0.701704 0.867817
 8.37678 0.701704 0.943486
 10 0.701704 1.01693
 11.9378 0.701704 1.08592
 14.251 0.701704 1.15714
 17.0125 0.701704 1.22391
 20.3092 0.701704 1.29067
 24.2446 0.701704 1.35521
 28.9427 0.701704 1.42198
 34.5511 0.701704 1.4843
 41.2463 0.701704 1.54884
 49.2388 0.701704 1.61115
 58.7802 0.701704 1.67347
 70.1704 0.701704 1.73578
 83.7678 0.701704 1.79587
 100 0.701704 1.85819
 119.378 0.701704 1.91828
 142.51 0.701704 1.97837
 170.125 0.701704 2.03846
 203.092 0.701704 2.09855
 242.446 0.701704 2.15641
 289.427 0.701704 2.2165
 345.511 0.701704 2.27437
 412.463 0.701704 2.33446
 492.388 0.701704 2.39232
 587.802 0.701704 2.45019
 701.704 0.701704 2.50805
 837.678 0.701704 2.56592
 1000 0.701704 2.62378
 1 0.837678 0.1
 1.19378 0.837678 0.1
 1.4251 0.837678 0.1
 1.70125 0.837678 0.1
 2.03092 0.837678 0.1
 2.42446 0.837678 0.1
 2.89427 0.837678 0.1
 3.45511 0.837678 0.1
 4.12463 0.837678 0.1
 4.92388 0.837678 0.1
 5.87802 0.837678 0.705351
 7.01704 0.837678 0.789922
 8.37678 0.837678 0.867817
 10 0.837678 0.943486
 11.9378 0.837678 1.01693
 14.251 0.837678 1.08592
 17.0125 0.837678 1.15714
 20.3092 0.837678 1.22391
 24.2446 0.837678 1.29067
 28.9427 0.837678 1.35521
 34.5511 0.837678 1.42198
 41.2463 0.837678 1.4843
 49.2388 0.837678 1.54884
 58.7802 0.837678 1.61115
 70.1704 0.837678 1.67347
 83.7678 0.837678 1.73578
 100 0.837678 1.79587
 119.378 0.837678 1.85819
 142.51 0.837678 1.91828
 170.125 0.837678 1.97837
 203.092 0.837678 2.03846
 242.446 0.837678 2.09855
 289.427 0.837678 2.15641
 345.511 0.837678 2.2165
 412.463 0.837678 2.27437
 492.388 0.837678 2.33446
 587.802 0.837678 2.39232
 701.704 0.837678 2.45019
 837.678 0.837678 2.50805
 1000 0.837678 2.56592
 1 1 0.1
 1.19378 1 0.1
 1.4251 1 0.1
 1.70125 1 0.1
 2.03092 1 0.1
 2.42446 1 0.1
 2.89427 1 0.1
 3.45511 1 0.1
 4.12463 1 0.1
 4.92388 1 0.1
 5.87802 1 0.1
 7.01704 1 0.705351
 8.37678 1 0.789922
 10 1 0.867817
 11.9378 1 0.943486
 14.251 1 1.01693
 17.0125 1 1.08592
 20.3092 1 1.15714
 24.2446 1 1.22391
 28.9427 1 1.29067
 34.5511 1 1.35521
 41.2463 1 1.42198
 49.2388 1 1.4843
 58.7802 1 1.54884
 70.1704 1 1.61115
 83.7678 1 1.67347
 100 1 1.73578
 119.378 1 1.79587
 142.51 1 1.85819
 170.125 1 1.91828
 203.092 1 1.97837
 242.446 1 2.03846
 289.427 1 2.09855
 345.511 1 2.15641
 412.463 1 2.2165
 492.388 1 2.27437
 587.802 1 2.33446
 701.704 1 2.39232
 837.678 1 2.45019
 1000 1 2.50805
