 N v
 100 2.8058
 112.421 2.64626
 126.385 2.4958
 142.083 2.35389
 159.731 2.22004
 179.571 2.09381
 201.876 1.97476
 226.951 1.86248
 255.141 1.75658
 286.832 1.6567
 322.459 1.5625
 362.512 1.47365
 407.539 1.38986
 458.16 1.31084
 515.068 1.2363
 579.044 1.16601
 650.968 1.09971
 731.824 1.03718
 822.724 0.978204
 924.915 0.922584
 1039.8 0.870126
 1168.95 0.820651
 1314.15 0.773989
 1477.38 0.72998
 1660.88 0.688473
 1867.18 0.649327
 2099.1 0.612406
 2359.83 0.577585
 2652.95 0.544744
 2982.47 0.51377
 3352.92 0.484557
 3769.39 0.457005
 4237.59 0.43102
 4763.94 0.406512
 5355.67 0.383398
 6020.89 0.361598
 6768.75 0.341038
 7609.5 0.321646
 8554.67 0.303358
 9617.25 0.286109
 10811.8 0.269841
 12154.7 0.254498
 13664.5 0.240027
 15361.7 0.226379
 17269.8 0.213507
 19414.9 0.201367
 21826.4 0.189918
 24537.5 0.179119
 27585.3 0.168934
 31011.7 0.159329
 34863.7 0.150269
 39194.1 0.141725
 44062.4 0.133667
 49535.4 0.126066
 55688.1 0.118898
 62605.2 0.112138
 70381.4 0.105762
 79123.4 0.099748
 88951.3 0.0940763
 100000 0.0887272
