 l exact lin
 0 1 1
 0.0606061 0.998218 0.998216
 0.121212 0.996439 0.996433
 0.181818 0.994664 0.994649
 0.242424 0.992891 0.992866
 0.30303 0.991122 0.991082
 0.363636 0.989356 0.989299
 0.424242 0.987593 0.987515
 0.484848 0.985833 0.985731
 0.545455 0.984076 0.983948
 0.606061 0.982322 0.982164
 0.666667 0.980572 0.980381
 0.727273 0.978825 0.978597
 0.787879 0.97708 0.976814
 0.848485 0.975339 0.97503
 0.909091 0.973601 0.973247
 0.969697 0.971866 0.971463
 1.0303 0.970134 0.969679
 1.09091 0.968406 0.967896
 1.15152 0.96668 0.966112
 1.21212 0.964957 0.964329
 1.27273 0.963238 0.962545
 1.33333 0.961521 0.960762
 1.39394 0.959808 0.958978
 1.45455 0.958098 0.957194
 1.51515 0.95639 0.955411
 1.57576 0.954686 0.953627
 1.63636 0.952985 0.951844
 1.69697 0.951287 0.95006
 1.75758 0.949592 0.948277
 1.81818 0.947899 0.946493
 1.87879 0.94621 0.94471
 1.93939 0.944524 0.942926
 2 0.942841 0.941142
 2.06061 0.941161 0.939359
 2.12121 0.939484 0.937575
 2.18182 0.93781 0.935792
 2.24242 0.936138 0.934008
 2.30303 0.93447 0.932225
 2.36364 0.932805 0.930441
 2.42424 0.931143 0.928657
 2.48485 0.929484 0.926874
 2.54545 0.927827 0.92509
 2.60606 0.926174 0.923307
 2.66667 0.924523 0.921523
 2.72727 0.922876 0.91974
 2.78788 0.921231 0.917956
 2.84848 0.91959 0.916172
 2.90909 0.917951 0.914389
 2.9697 0.916315 0.912605
 3.0303 0.914683 0.910822
 3.09091 0.913053 0.909038
 3.15152 0.911426 0.907255
 3.21212 0.909801 0.905471
 3.27273 0.90818 0.903688
 3.33333 0.906562 0.901904
 3.39394 0.904946 0.90012
 3.45455 0.903334 0.898337
 3.51515 0.901724 0.896553
 3.57576 0.900117 0.89477
 3.63636 0.898513 0.892986
 3.69697 0.896912 0.891203
 3.75758 0.895314 0.889419
 3.81818 0.893718 0.887635
 3.87879 0.892126 0.885852
 3.93939 0.890536 0.884068
 4 0.888949 0.882285
 4.06061 0.887365 0.880501
 4.12121 0.885784 0.878718
 4.18182 0.884205 0.876934
 4.24242 0.88263 0.875151
 4.30303 0.881057 0.873367
 4.36364 0.879487 0.871583
 4.42424 0.87792 0.8698
 4.48485 0.876355 0.868016
 4.54545 0.874794 0.866233
 4.60606 0.873235 0.864449
 4.66667 0.871679 0.862666
 4.72727 0.870125 0.860882
 4.78788 0.868575 0.859098
 4.84848 0.867027 0.857315
 4.90909 0.865482 0.855531
 4.9697 0.86394 0.853748
 5.0303 0.8624 0.851964
 5.09091 0.860863 0.850181
 5.15152 0.859329 0.848397
 5.21212 0.857798 0.846613
 5.27273 0.85627 0.84483
 5.33333 0.854744 0.843046
 5.39394 0.853221 0.841263
 5.45455 0.8517 0.839479
 5.51515 0.850182 0.837696
 5.57576 0.848667 0.835912
 5.63636 0.847155 0.834129
 5.69697 0.845645 0.832345
 5.75758 0.844139 0.830561
 5.81818 0.842634 0.828778
 5.87879 0.841133 0.826994
 5.93939 0.839634 0.825211
 6 0.838138 0.823427
