 s d z
 0.5 2 -3.0103
 0.59322 2 -2.44906
 0.686441 2 -1.88782
 0.779661 2 -1.32657
 0.872881 2 -0.76533
 0.966102 2 -0.204088
 1.05932 2 0.357154
 1.15254 2 0.918397
 1.24576 2 1.47964
 1.33898 2 2.04088
 1.4322 2 2.60212
 1.52542 2 3.16337
 1.61864 2 3.72461
 1.71186 2 4.28585
 1.80508 2 4.84709
 1.89831 2 5.40834
 1.99153 2 5.96958
 2.08475 2 6.53082
 2.17797 2 7.09206
 2.27119 2 7.6533
 2.36441 2 8.21455
 2.45763 2 8.77579
 2.55085 2 9.33703
 2.64407 2 9.89827
 2.73729 2 10.4595
 2.83051 2 11.0208
 2.92373 2 11.582
 3.01695 2 12.1432
 3.11017 2 12.7045
 3.20339 2 13.2657
 3.29661 2 13.827
 3.38983 2 14.3882
 3.48305 2 14.9495
 3.57627 2 15.5107
 3.66949 2 16.0719
 3.76271 2 16.6332
 3.85593 2 17.1944
 3.94915 2 17.7557
 4.04237 2 18.3169
 4.13559 2 18.8782
 4.22881 2 19.4394
 4.32203 2 20.0006
 4.41525 2 20.5619
 4.50847 2 21.1231
 4.60169 2 21.6844
 4.69492 2 22.2456
 4.78814 2 22.8068
 4.88136 2 23.3681
 4.97458 2 23.9293
 5.0678 2 24.4906
 5.16102 2 25.0518
 5.25424 2 25.6131
 5.34746 2 26.1743
 5.44068 2 26.7355
 5.5339 2 27.2968
 5.62712 2 27.858
 5.72034 2 28.4193
 5.81356 2 28.9805
 5.90678 2 29.5418
 6 2 30.103
 0.5 3.66102 -4.37608
 0.59322 3.66102 -4.06948
 0.686441 3.66102 -3.76287
 0.779661 3.66102 -3.45627
 0.872881 3.66102 -3.14967
 0.966102 3.66102 -2.84306
 1.05932 3.66102 -2.53646
 1.15254 3.66102 -2.22985
 1.24576 3.66102 -1.92325
 1.33898 3.66102 -1.61664
 1.4322 3.66102 -1.31004
 1.52542 3.66102 -1.00343
 1.61864 3.66102 -0.696829
 1.71186 3.66102 -0.390224
 1.80508 3.66102 -0.0836194
 1.89831 3.66102 0.222985
 1.99153 3.66102 0.52959
 2.08475 3.66102 0.836194
 2.17797 3.66102 1.1428
 2.27119 3.66102 1.4494
 2.36441 3.66102 1.75601
 2.45763 3.66102 2.06261
 2.55085 3.66102 2.36922
 2.64407 3.66102 2.67582
 2.73729 3.66102 2.98243
 2.83051 3.66102 3.28903
 2.92373 3.66102 3.59564
 3.01695 3.66102 3.90224
 3.11017 3.66102 4.20885
 3.20339 3.66102 4.51545
 3.29661 3.66102 4.82205
 3.38983 3.66102 5.12866
 3.48305 3.66102 5.43526
 3.57627 3.66102 5.74187
 3.66949 3.66102 6.04847
 3.76271 3.66102 6.35508
 3.85593 3.66102 6.66168
 3.94915 3.66102 6.96829
 4.04237 3.66102 7.27489
 4.13559 3.66102 7.5815
 4.22881 3.66102 7.8881
 4.32203 3.66102 8.19471
 4.41525 3.66102 8.50131
 4.50847 3.66102 8.80791
 4.60169 3.66102 9.11452
 4.69492 3.66102 9.42112
 4.78814 3.66102 9.72773
 4.88136 3.66102 10.0343
 4.97458 3.66102 10.3409
 5.0678 3.66102 10.6475
 5.16102 3.66102 10.9541
 5.25424 3.66102 11.2608
 5.34746 3.66102 11.5674
 5.44068 3.66102 11.874
 5.5339 3.66102 12.1806
 5.62712 3.66102 12.4872
 5.72034 3.66102 12.7938
 5.81356 3.66102 13.1004
 5.90678 3.66102 13.407
 6 3.66102 13.7136
 0.5 5.32203 -4.88934
 0.59322 5.32203 -4.67843
 0.686441 5.32203 -4.46752
 0.779661 5.32203 -4.2566
 0.872881 5.32203 -4.04569
 0.966102 5.32203 -3.83478
 1.05932 5.32203 -3.62386
 1.15254 5.32203 -3.41295
 1.24576 5.32203 -3.20204
 1.33898 5.32203 -2.99113
 1.4322 5.32203 -2.78021
 1.52542 5.32203 -2.5693
 1.61864 5.32203 -2.35839
 1.71186 5.32203 -2.14748
 1.80508 5.32203 -1.93656
 1.89831 5.32203 -1.72565
 1.99153 5.32203 -1.51474
 2.08475 5.32203 -1.30382
 2.17797 5.32203 -1.09291
 2.27119 5.32203 -0.881999
 2.36441 5.32203 -0.671086
 2.45763 5.32203 -0.460173
 2.55085 5.32203 -0.249261
 2.64407 5.32203 -0.0383478
 2.73729 5.32203 0.172565
 2.83051 5.32203 0.383478
 2.92373 5.32203 0.59439
 3.01695 5.32203 0.805303
 3.11017 5.32203 1.01622
 3.20339 5.32203 1.22713
 3.29661 5.32203 1.43804
 3.38983 5.32203 1.64895
 3.48305 5.32203 1.85987
 3.57627 5.32203 2.07078
 3.66949 5.32203 2.28169
 3.76271 5.32203 2.49261
 3.85593 5.32203 2.70352
 3.94915 5.32203 2.91443
 4.04237 5.32203 3.12534
 4.13559 5.32203 3.33626
 4.22881 5.32203 3.54717
 4.32203 5.32203 3.75808
 4.41525 5.32203 3.96899
 4.50847 5.32203 4.17991
 4.60169 5.32203 4.39082
 4.69492 5.32203 4.60173
 4.78814 5.32203 4.81265
 4.88136 5.32203 5.02356
 4.97458 5.32203 5.23447
 5.0678 5.32203 5.44538
 5.16102 5.32203 5.6563
 5.25424 5.32203 5.86721
 5.34746 5.32203 6.07812
 5.44068 5.32203 6.28903
 5.5339 5.32203 6.49995
 5.62712 5.32203 6.71086
 5.72034 5.32203 6.92177
 5.81356 5.32203 7.13269
 5.90678 5.32203 7.3436
 6 5.32203 7.55451
 0.5 6.98305 -5.15843
 0.59322 6.98305 -4.99768
 0.686441 6.98305 -4.83694
 0.779661 6.98305 -4.67619
 0.872881 6.98305 -4.51545
 0.966102 6.98305 -4.35471
 1.05932 6.98305 -4.19396
 1.15254 6.98305 -4.03322
 1.24576 6.98305 -3.87247
 1.33898 6.98305 -3.71173
 1.4322 6.98305 -3.55098
 1.52542 6.98305 -3.39024
 1.61864 6.98305 -3.2295
 1.71186 6.98305 -3.06875
 1.80508 6.98305 -2.90801
 1.89831 6.98305 -2.74726
 1.99153 6.98305 -2.58652
 2.08475 6.98305 -2.42578
 2.17797 6.98305 -2.26503
 2.27119 6.98305 -2.10429
 2.36441 6.98305 -1.94354
 2.45763 6.98305 -1.7828
 2.55085 6.98305 -1.62205
 2.64407 6.98305 -1.46131
 2.73729 6.98305 -1.30057
 2.83051 6.98305 -1.13982
 2.92373 6.98305 -0.979078
 3.01695 6.98305 -0.818334
 3.11017 6.98305 -0.65759
 3.20339 6.98305 -0.496846
 3.29661 6.98305 -0.336101
 3.38983 6.98305 -0.175357
 3.48305 6.98305 -0.0146131
 3.57627 6.98305 0.146131
 3.66949 6.98305 0.306875
 3.76271 6.98305 0.467619
 3.85593 6.98305 0.628364
 3.94915 6.98305 0.789108
 4.04237 6.98305 0.949852
 4.13559 6.98305 1.1106
 4.22881 6.98305 1.27134
 4.32203 6.98305 1.43208
 4.41525 6.98305 1.59283
 4.50847 6.98305 1.75357
 4.60169 6.98305 1.91432
 4.69492 6.98305 2.07506
 4.78814 6.98305 2.23581
 4.88136 6.98305 2.39655
 4.97458 6.98305 2.55729
 5.0678 6.98305 2.71804
 5.16102 6.98305 2.87878
 5.25424 6.98305 3.03953
 5.34746 6.98305 3.20027
 5.44068 6.98305 3.36101
 5.5339 6.98305 3.52176
 5.62712 6.98305 3.6825
 5.72034 6.98305 3.84325
 5.81356 6.98305 4.00399
 5.90678 6.98305 4.16474
 6 6.98305 4.32548
 0.5 8.64407 -5.3241
 0.59322 8.64407 -5.19424
 0.686441 8.64407 -5.06439
 0.779661 8.64407 -4.93453
 0.872881 8.64407 -4.80467
 0.966102 8.64407 -4.67482
 1.05932 8.64407 -4.54496
 1.15254 8.64407 -4.41511
 1.24576 8.64407 -4.28525
 1.33898 8.64407 -4.15539
 1.4322 8.64407 -4.02554
 1.52542 8.64407 -3.89568
 1.61864 8.64407 -3.76583
 1.71186 8.64407 -3.63597
 1.80508 8.64407 -3.50611
 1.89831 8.64407 -3.37626
 1.99153 8.64407 -3.2464
 2.08475 8.64407 -3.11655
 2.17797 8.64407 -2.98669
 2.27119 8.64407 -2.85683
 2.36441 8.64407 -2.72698
 2.45763 8.64407 -2.59712
 2.55085 8.64407 -2.46727
 2.64407 8.64407 -2.33741
 2.73729 8.64407 -2.20755
 2.83051 8.64407 -2.0777
 2.92373 8.64407 -1.94784
 3.01695 8.64407 -1.81799
 3.11017 8.64407 -1.68813
 3.20339 8.64407 -1.55827
 3.29661 8.64407 -1.42842
 3.38983 8.64407 -1.29856
 3.48305 8.64407 -1.1687
 3.57627 8.64407 -1.03885
 3.66949 8.64407 -0.908993
 3.76271 8.64407 -0.779136
 3.85593 8.64407 -0.64928
 3.94915 8.64407 -0.519424
 4.04237 8.64407 -0.389568
 4.13559 8.64407 -0.259712
 4.22881 8.64407 -0.129856
 4.32203 8.64407 0
 4.41525 8.64407 0.129856
 4.50847 8.64407 0.259712
 4.60169 8.64407 0.389568
 4.69492 8.64407 0.519424
 4.78814 8.64407 0.64928
 4.88136 8.64407 0.779136
 4.97458 8.64407 0.908993
 5.0678 8.64407 1.03885
 5.16102 8.64407 1.1687
 5.25424 8.64407 1.29856
 5.34746 8.64407 1.42842
 5.44068 8.64407 1.55827
 5.5339 8.64407 1.68813
 5.62712 8.64407 1.81799
 5.72034 8.64407 1.94784
 5.81356 8.64407 2.0777
 5.90678 8.64407 2.20755
 6 8.64407 2.33741
 0.5 10.3051 -5.43636
 0.59322 10.3051 -5.32744
 0.686441 10.3051 -5.21851
 0.779661 10.3051 -5.10959
 0.872881 10.3051 -5.00066
 0.966102 10.3051 -4.89174
 1.05932 10.3051 -4.78281
 1.15254 10.3051 -4.67389
 1.24576 10.3051 -4.56496
 1.33898 10.3051 -4.45604
 1.4322 10.3051 -4.34711
 1.52542 10.3051 -4.23819
 1.61864 10.3051 -4.12926
 1.71186 10.3051 -4.02033
 1.80508 10.3051 -3.91141
 1.89831 10.3051 -3.80248
 1.99153 10.3051 -3.69356
 2.08475 10.3051 -3.58463
 2.17797 10.3051 -3.47571
 2.27119 10.3051 -3.36678
 2.36441 10.3051 -3.25786
 2.45763 10.3051 -3.14893
 2.55085 10.3051 -3.04001
 2.64407 10.3051 -2.93108
 2.73729 10.3051 -2.82216
 2.83051 10.3051 -2.71323
 2.92373 10.3051 -2.60431
 3.01695 10.3051 -2.49538
 3.11017 10.3051 -2.38645
 3.20339 10.3051 -2.27753
 3.29661 10.3051 -2.1686
 3.38983 10.3051 -2.05968
 3.48305 10.3051 -1.95075
 3.57627 10.3051 -1.84183
 3.66949 10.3051 -1.7329
 3.76271 10.3051 -1.62398
 3.85593 10.3051 -1.51505
 3.94915 10.3051 -1.40613
 4.04237 10.3051 -1.2972
 4.13559 10.3051 -1.18828
 4.22881 10.3051 -1.07935
 4.32203 10.3051 -0.970426
 4.41525 10.3051 -0.8615
 4.50847 10.3051 -0.752575
 4.60169 10.3051 -0.64365
 4.69492 10.3051 -0.534724
 4.78814 10.3051 -0.425799
 4.88136 10.3051 -0.316874
 4.97458 10.3051 -0.207948
 5.0678 10.3051 -0.099023
 5.16102 10.3051 0.0099023
 5.25424 10.3051 0.118828
 5.34746 10.3051 0.227753
 5.44068 10.3051 0.336678
 5.5339 10.3051 0.445604
 5.62712 10.3051 0.554529
 5.72034 10.3051 0.663454
 5.81356 10.3051 0.77238
 5.90678 10.3051 0.881305
 6 10.3051 0.99023
 0.5 11.9661 -5.51746
 0.59322 11.9661 -5.42366
 0.686441 11.9661 -5.32985
 0.779661 11.9661 -5.23605
 0.872881 11.9661 -5.14224
 0.966102 11.9661 -5.04844
 1.05932 11.9661 -4.95463
 1.15254 11.9661 -4.86082
 1.24576 11.9661 -4.76702
 1.33898 11.9661 -4.67321
 1.4322 11.9661 -4.57941
 1.52542 11.9661 -4.4856
 1.61864 11.9661 -4.3918
 1.71186 11.9661 -4.29799
 1.80508 11.9661 -4.20419
 1.89831 11.9661 -4.11038
 1.99153 11.9661 -4.01658
 2.08475 11.9661 -3.92277
 2.17797 11.9661 -3.82897
 2.27119 11.9661 -3.73516
 2.36441 11.9661 -3.64135
 2.45763 11.9661 -3.54755
 2.55085 11.9661 -3.45374
 2.64407 11.9661 -3.35994
 2.73729 11.9661 -3.26613
 2.83051 11.9661 -3.17233
 2.92373 11.9661 -3.07852
 3.01695 11.9661 -2.98472
 3.11017 11.9661 -2.89091
 3.20339 11.9661 -2.79711
 3.29661 11.9661 -2.7033
 3.38983 11.9661 -2.6095
 3.48305 11.9661 -2.51569
 3.57627 11.9661 -2.42188
 3.66949 11.9661 -2.32808
 3.76271 11.9661 -2.23427
 3.85593 11.9661 -2.14047
 3.94915 11.9661 -2.04666
 4.04237 11.9661 -1.95286
 4.13559 11.9661 -1.85905
 4.22881 11.9661 -1.76525
 4.32203 11.9661 -1.67144
 4.41525 11.9661 -1.57764
 4.50847 11.9661 -1.48383
 4.60169 11.9661 -1.39003
 4.69492 11.9661 -1.29622
 4.78814 11.9661 -1.20241
 4.88136 11.9661 -1.10861
 4.97458 11.9661 -1.0148
 5.0678 11.9661 -0.920998
 5.16102 11.9661 -0.827193
 5.25424 11.9661 -0.733388
 5.34746 11.9661 -0.639582
 5.44068 11.9661 -0.545777
 5.5339 11.9661 -0.451971
 5.62712 11.9661 -0.358166
 5.72034 11.9661 -0.264361
 5.81356 11.9661 -0.170555
 5.90678 11.9661 -0.0767499
 6 11.9661 0.0170555
 0.5 13.6271 -5.57879
 0.59322 13.6271 -5.49642
 0.686441 13.6271 -5.41405
 0.779661 13.6271 -5.33168
 0.872881 13.6271 -5.2493
 0.966102 13.6271 -5.16693
 1.05932 13.6271 -5.08456
 1.15254 13.6271 -5.00219
 1.24576 13.6271 -4.91982
 1.33898 13.6271 -4.83745
 1.4322 13.6271 -4.75508
 1.52542 13.6271 -4.6727
 1.61864 13.6271 -4.59033
 1.71186 13.6271 -4.50796
 1.80508 13.6271 -4.42559
 1.89831 13.6271 -4.34322
 1.99153 13.6271 -4.26085
 2.08475 13.6271 -4.17848
 2.17797 13.6271 -4.0961
 2.27119 13.6271 -4.01373
 2.36441 13.6271 -3.93136
 2.45763 13.6271 -3.84899
 2.55085 13.6271 -3.76662
 2.64407 13.6271 -3.68425
 2.73729 13.6271 -3.60188
 2.83051 13.6271 -3.5195
 2.92373 13.6271 -3.43713
 3.01695 13.6271 -3.35476
 3.11017 13.6271 -3.27239
 3.20339 13.6271 -3.19002
 3.29661 13.6271 -3.10765
 3.38983 13.6271 -3.02528
 3.48305 13.6271 -2.94291
 3.57627 13.6271 -2.86053
 3.66949 13.6271 -2.77816
 3.76271 13.6271 -2.69579
 3.85593 13.6271 -2.61342
 3.94915 13.6271 -2.53105
 4.04237 13.6271 -2.44868
 4.13559 13.6271 -2.36631
 4.22881 13.6271 -2.28393
 4.32203 13.6271 -2.20156
 4.41525 13.6271 -2.11919
 4.50847 13.6271 -2.03682
 4.60169 13.6271 -1.95445
 4.69492 13.6271 -1.87208
 4.78814 13.6271 -1.78971
 4.88136 13.6271 -1.70733
 4.97458 13.6271 -1.62496
 5.0678 13.6271 -1.54259
 5.16102 13.6271 -1.46022
 5.25424 13.6271 -1.37785
 5.34746 13.6271 -1.29548
 5.44068 13.6271 -1.21311
 5.5339 13.6271 -1.13073
 5.62712 13.6271 -1.04836
 5.72034 13.6271 -0.965992
 5.81356 13.6271 -0.88362
 5.90678 13.6271 -0.801249
 6 13.6271 -0.718878
 0.5 15.2881 -5.62679
 0.59322 15.2881 -5.55337
 0.686441 15.2881 -5.47995
 0.779661 15.2881 -5.40653
 0.872881 15.2881 -5.3331
 0.966102 15.2881 -5.25968
 1.05932 15.2881 -5.18626
 1.15254 15.2881 -5.11284
 1.24576 15.2881 -5.03942
 1.33898 15.2881 -4.96599
 1.4322 15.2881 -4.89257
 1.52542 15.2881 -4.81915
 1.61864 15.2881 -4.74573
 1.71186 15.2881 -4.67231
 1.80508 15.2881 -4.59888
 1.89831 15.2881 -4.52546
 1.99153 15.2881 -4.45204
 2.08475 15.2881 -4.37862
 2.17797 15.2881 -4.3052
 2.27119 15.2881 -4.23177
 2.36441 15.2881 -4.15835
 2.45763 15.2881 -4.08493
 2.55085 15.2881 -4.01151
 2.64407 15.2881 -3.93809
 2.73729 15.2881 -3.86466
 2.83051 15.2881 -3.79124
 2.92373 15.2881 -3.71782
 3.01695 15.2881 -3.6444
 3.11017 15.2881 -3.57098
 3.20339 15.2881 -3.49755
 3.29661 15.2881 -3.42413
 3.38983 15.2881 -3.35071
 3.48305 15.2881 -3.27729
 3.57627 15.2881 -3.20387
 3.66949 15.2881 -3.13044
 3.76271 15.2881 -3.05702
 3.85593 15.2881 -2.9836
 3.94915 15.2881 -2.91018
 4.04237 15.2881 -2.83676
 4.13559 15.2881 -2.76334
 4.22881 15.2881 -2.68991
 4.32203 15.2881 -2.61649
 4.41525 15.2881 -2.54307
 4.50847 15.2881 -2.46965
 4.60169 15.2881 -2.39623
 4.69492 15.2881 -2.3228
 4.78814 15.2881 -2.24938
 4.88136 15.2881 -2.17596
 4.97458 15.2881 -2.10254
 5.0678 15.2881 -2.02912
 5.16102 15.2881 -1.95569
 5.25424 15.2881 -1.88227
 5.34746 15.2881 -1.80885
 5.44068 15.2881 -1.73543
 5.5339 15.2881 -1.66201
 5.62712 15.2881 -1.58858
 5.72034 15.2881 -1.51516
 5.81356 15.2881 -1.44174
 5.90678 15.2881 -1.36832
 6 15.2881 -1.2949
 0.5 16.9492 -5.66538
 0.59322 16.9492 -5.59916
 0.686441 16.9492 -5.53293
 0.779661 16.9492 -5.4667
 0.872881 16.9492 -5.40048
 0.966102 16.9492 -5.33425
 1.05932 16.9492 -5.26802
 1.15254 16.9492 -5.2018
 1.24576 16.9492 -5.13557
 1.33898 16.9492 -5.06935
 1.4322 16.9492 -5.00312
 1.52542 16.9492 -4.93689
 1.61864 16.9492 -4.87067
 1.71186 16.9492 -4.80444
 1.80508 16.9492 -4.73821
 1.89831 16.9492 -4.67199
 1.99153 16.9492 -4.60576
 2.08475 16.9492 -4.53953
 2.17797 16.9492 -4.47331
 2.27119 16.9492 -4.40708
 2.36441 16.9492 -4.34085
 2.45763 16.9492 -4.27463
 2.55085 16.9492 -4.2084
 2.64407 16.9492 -4.14217
 2.73729 16.9492 -4.07595
 2.83051 16.9492 -4.00972
 2.92373 16.9492 -3.94349
 3.01695 16.9492 -3.87727
 3.11017 16.9492 -3.81104
 3.20339 16.9492 -3.74481
 3.29661 16.9492 -3.67859
 3.38983 16.9492 -3.61236
 3.48305 16.9492 -3.54613
 3.57627 16.9492 -3.47991
 3.66949 16.9492 -3.41368
 3.76271 16.9492 -3.34745
 3.85593 16.9492 -3.28123
 3.94915 16.9492 -3.215
 4.04237 16.9492 -3.14877
 4.13559 16.9492 -3.08255
 4.22881 16.9492 -3.01632
 4.32203 16.9492 -2.95009
 4.41525 16.9492 -2.88387
 4.50847 16.9492 -2.81764
 4.60169 16.9492 -2.75141
 4.69492 16.9492 -2.68519
 4.78814 16.9492 -2.61896
 4.88136 16.9492 -2.55273
 4.97458 16.9492 -2.48651
 5.0678 16.9492 -2.42028
 5.16102 16.9492 -2.35405
 5.25424 16.9492 -2.28783
 5.34746 16.9492 -2.2216
 5.44068 16.9492 -2.15537
 5.5339 16.9492 -2.08915
 5.62712 16.9492 -2.02292
 5.72034 16.9492 -1.95669
 5.81356 16.9492 -1.89047
 5.90678 16.9492 -1.82424
 6 16.9492 -1.75802
 0.5 18.6102 -5.69709
 0.59322 18.6102 -5.63677
 0.686441 18.6102 -5.57646
 0.779661 18.6102 -5.51614
 0.872881 18.6102 -5.45583
 0.966102 18.6102 -5.39551
 1.05932 18.6102 -5.33519
 1.15254 18.6102 -5.27488
 1.24576 18.6102 -5.21456
 1.33898 18.6102 -5.15425
 1.4322 18.6102 -5.09393
 1.52542 18.6102 -5.03362
 1.61864 18.6102 -4.9733
 1.71186 18.6102 -4.91298
 1.80508 18.6102 -4.85267
 1.89831 18.6102 -4.79235
 1.99153 18.6102 -4.73204
 2.08475 18.6102 -4.67172
 2.17797 18.6102 -4.61141
 2.27119 18.6102 -4.55109
 2.36441 18.6102 -4.49078
 2.45763 18.6102 -4.43046
 2.55085 18.6102 -4.37014
 2.64407 18.6102 -4.30983
 2.73729 18.6102 -4.24951
 2.83051 18.6102 -4.1892
 2.92373 18.6102 -4.12888
 3.01695 18.6102 -4.06857
 3.11017 18.6102 -4.00825
 3.20339 18.6102 -3.94793
 3.29661 18.6102 -3.88762
 3.38983 18.6102 -3.8273
 3.48305 18.6102 -3.76699
 3.57627 18.6102 -3.70667
 3.66949 18.6102 -3.64636
 3.76271 18.6102 -3.58604
 3.85593 18.6102 -3.52572
 3.94915 18.6102 -3.46541
 4.04237 18.6102 -3.40509
 4.13559 18.6102 -3.34478
 4.22881 18.6102 -3.28446
 4.32203 18.6102 -3.22415
 4.41525 18.6102 -3.16383
 4.50847 18.6102 -3.10352
 4.60169 18.6102 -3.0432
 4.69492 18.6102 -2.98288
 4.78814 18.6102 -2.92257
 4.88136 18.6102 -2.86225
 4.97458 18.6102 -2.80194
 5.0678 18.6102 -2.74162
 5.16102 18.6102 -2.68131
 5.25424 18.6102 -2.62099
 5.34746 18.6102 -2.56067
 5.44068 18.6102 -2.50036
 5.5339 18.6102 -2.44004
 5.62712 18.6102 -2.37973
 5.72034 18.6102 -2.31941
 5.81356 18.6102 -2.2591
 5.90678 18.6102 -2.19878
 6 18.6102 -2.13846
 0.5 20.2712 -5.7236
 0.59322 20.2712 -5.66822
 0.686441 20.2712 -5.61285
 0.779661 20.2712 -5.55748
 0.872881 20.2712 -5.5021
 0.966102 20.2712 -5.44673
 1.05932 20.2712 -5.39136
 1.15254 20.2712 -5.33598
 1.24576 20.2712 -5.28061
 1.33898 20.2712 -5.22524
 1.4322 20.2712 -5.16986
 1.52542 20.2712 -5.11449
 1.61864 20.2712 -5.05912
 1.71186 20.2712 -5.00374
 1.80508 20.2712 -4.94837
 1.89831 20.2712 -4.893
 1.99153 20.2712 -4.83762
 2.08475 20.2712 -4.78225
 2.17797 20.2712 -4.72688
 2.27119 20.2712 -4.6715
 2.36441 20.2712 -4.61613
 2.45763 20.2712 -4.56076
 2.55085 20.2712 -4.50538
 2.64407 20.2712 -4.45001
 2.73729 20.2712 -4.39464
 2.83051 20.2712 -4.33926
 2.92373 20.2712 -4.28389
 3.01695 20.2712 -4.22851
 3.11017 20.2712 -4.17314
 3.20339 20.2712 -4.11777
 3.29661 20.2712 -4.06239
 3.38983 20.2712 -4.00702
 3.48305 20.2712 -3.95165
 3.57627 20.2712 -3.89627
 3.66949 20.2712 -3.8409
 3.76271 20.2712 -3.78553
 3.85593 20.2712 -3.73015
 3.94915 20.2712 -3.67478
 4.04237 20.2712 -3.61941
 4.13559 20.2712 -3.56403
 4.22881 20.2712 -3.50866
 4.32203 20.2712 -3.45329
 4.41525 20.2712 -3.39791
 4.50847 20.2712 -3.34254
 4.60169 20.2712 -3.28717
 4.69492 20.2712 -3.23179
 4.78814 20.2712 -3.17642
 4.88136 20.2712 -3.12105
 4.97458 20.2712 -3.06567
 5.0678 20.2712 -3.0103
 5.16102 20.2712 -2.95493
 5.25424 20.2712 -2.89955
 5.34746 20.2712 -2.84418
 5.44068 20.2712 -2.78881
 5.5339 20.2712 -2.73343
 5.62712 20.2712 -2.67806
 5.72034 20.2712 -2.62269
 5.81356 20.2712 -2.56731
 5.90678 20.2712 -2.51194
 6 20.2712 -2.45657
 0.5 21.9322 -5.74609
 0.59322 21.9322 -5.69491
 0.686441 21.9322 -5.64373
 0.779661 21.9322 -5.59255
 0.872881 21.9322 -5.54137
 0.966102 21.9322 -5.49019
 1.05932 21.9322 -5.43901
 1.15254 21.9322 -5.38783
 1.24576 21.9322 -5.33665
 1.33898 21.9322 -5.28547
 1.4322 21.9322 -5.23429
 1.52542 21.9322 -5.18311
 1.61864 21.9322 -5.13193
 1.71186 21.9322 -5.08075
 1.80508 21.9322 -5.02957
 1.89831 21.9322 -4.97839
 1.99153 21.9322 -4.92721
 2.08475 21.9322 -4.87603
 2.17797 21.9322 -4.82485
 2.27119 21.9322 -4.77368
 2.36441 21.9322 -4.7225
 2.45763 21.9322 -4.67132
 2.55085 21.9322 -4.62014
 2.64407 21.9322 -4.56896
 2.73729 21.9322 -4.51778
 2.83051 21.9322 -4.4666
 2.92373 21.9322 -4.41542
 3.01695 21.9322 -4.36424
 3.11017 21.9322 -4.31306
 3.20339 21.9322 -4.26188
 3.29661 21.9322 -4.2107
 3.38983 21.9322 -4.15952
 3.48305 21.9322 -4.10834
 3.57627 21.9322 -4.05716
 3.66949 21.9322 -4.00598
 3.76271 21.9322 -3.9548
 3.85593 21.9322 -3.90362
 3.94915 21.9322 -3.85244
 4.04237 21.9322 -3.80126
 4.13559 21.9322 -3.75008
 4.22881 21.9322 -3.6989
 4.32203 21.9322 -3.64772
 4.41525 21.9322 -3.59654
 4.50847 21.9322 -3.54536
 4.60169 21.9322 -3.49418
 4.69492 21.9322 -3.443
 4.78814 21.9322 -3.39182
 4.88136 21.9322 -3.34064
 4.97458 21.9322 -3.28946
 5.0678 21.9322 -3.23828
 5.16102 21.9322 -3.1871
 5.25424 21.9322 -3.13592
 5.34746 21.9322 -3.08474
 5.44068 21.9322 -3.03356
 5.5339 21.9322 -2.98238
 5.62712 21.9322 -2.9312
 5.72034 21.9322 -2.88002
 5.81356 21.9322 -2.82884
 5.90678 21.9322 -2.77766
 6 21.9322 -2.72648
 0.5 23.5932 -5.76542
 0.59322 23.5932 -5.71784
 0.686441 23.5932 -5.67026
 0.779661 23.5932 -5.62269
 0.872881 23.5932 -5.57511
 0.966102 23.5932 -5.52753
 1.05932 23.5932 -5.47996
 1.15254 23.5932 -5.43238
 1.24576 23.5932 -5.3848
 1.33898 23.5932 -5.33723
 1.4322 23.5932 -5.28965
 1.52542 23.5932 -5.24207
 1.61864 23.5932 -5.1945
 1.71186 23.5932 -5.14692
 1.80508 23.5932 -5.09934
 1.89831 23.5932 -5.05177
 1.99153 23.5932 -5.00419
 2.08475 23.5932 -4.95661
 2.17797 23.5932 -4.90904
 2.27119 23.5932 -4.86146
 2.36441 23.5932 -4.81388
 2.45763 23.5932 -4.76631
 2.55085 23.5932 -4.71873
 2.64407 23.5932 -4.67116
 2.73729 23.5932 -4.62358
 2.83051 23.5932 -4.576
 2.92373 23.5932 -4.52843
 3.01695 23.5932 -4.48085
 3.11017 23.5932 -4.43327
 3.20339 23.5932 -4.3857
 3.29661 23.5932 -4.33812
 3.38983 23.5932 -4.29054
 3.48305 23.5932 -4.24297
 3.57627 23.5932 -4.19539
 3.66949 23.5932 -4.14781
 3.76271 23.5932 -4.10024
 3.85593 23.5932 -4.05266
 3.94915 23.5932 -4.00508
 4.04237 23.5932 -3.95751
 4.13559 23.5932 -3.90993
 4.22881 23.5932 -3.86235
 4.32203 23.5932 -3.81478
 4.41525 23.5932 -3.7672
 4.50847 23.5932 -3.71962
 4.60169 23.5932 -3.67205
 4.69492 23.5932 -3.62447
 4.78814 23.5932 -3.57689
 4.88136 23.5932 -3.52932
 4.97458 23.5932 -3.48174
 5.0678 23.5932 -3.43416
 5.16102 23.5932 -3.38659
 5.25424 23.5932 -3.33901
 5.34746 23.5932 -3.29143
 5.44068 23.5932 -3.24386
 5.5339 23.5932 -3.19628
 5.62712 23.5932 -3.1487
 5.72034 23.5932 -3.10113
 5.81356 23.5932 -3.05355
 5.90678 23.5932 -3.00597
 6 23.5932 -2.9584
 0.5 25.2542 -5.7822
 0.59322 25.2542 -5.73775
 0.686441 25.2542 -5.69331
 0.779661 25.2542 -5.64886
 0.872881 25.2542 -5.60441
 0.966102 25.2542 -5.55996
 1.05932 25.2542 -5.51552
 1.15254 25.2542 -5.47107
 1.24576 25.2542 -5.42662
 1.33898 25.2542 -5.38217
 1.4322 25.2542 -5.33773
 1.52542 25.2542 -5.29328
 1.61864 25.2542 -5.24883
 1.71186 25.2542 -5.20438
 1.80508 25.2542 -5.15994
 1.89831 25.2542 -5.11549
 1.99153 25.2542 -5.07104
 2.08475 25.2542 -5.02659
 2.17797 25.2542 -4.98215
 2.27119 25.2542 -4.9377
 2.36441 25.2542 -4.89325
 2.45763 25.2542 -4.84881
 2.55085 25.2542 -4.80436
 2.64407 25.2542 -4.75991
 2.73729 25.2542 -4.71546
 2.83051 25.2542 -4.67102
 2.92373 25.2542 -4.62657
 3.01695 25.2542 -4.58212
 3.11017 25.2542 -4.53767
 3.20339 25.2542 -4.49323
 3.29661 25.2542 -4.44878
 3.38983 25.2542 -4.40433
 3.48305 25.2542 -4.35988
 3.57627 25.2542 -4.31544
 3.66949 25.2542 -4.27099
 3.76271 25.2542 -4.22654
 3.85593 25.2542 -4.18209
 3.94915 25.2542 -4.13765
 4.04237 25.2542 -4.0932
 4.13559 25.2542 -4.04875
 4.22881 25.2542 -4.00431
 4.32203 25.2542 -3.95986
 4.41525 25.2542 -3.91541
 4.50847 25.2542 -3.87096
 4.60169 25.2542 -3.82652
 4.69492 25.2542 -3.78207
 4.78814 25.2542 -3.73762
 4.88136 25.2542 -3.69317
 4.97458 25.2542 -3.64873
 5.0678 25.2542 -3.60428
 5.16102 25.2542 -3.55983
 5.25424 25.2542 -3.51538
 5.34746 25.2542 -3.47094
 5.44068 25.2542 -3.42649
 5.5339 25.2542 -3.38204
 5.62712 25.2542 -3.33759
 5.72034 25.2542 -3.29315
 5.81356 25.2542 -3.2487
 5.90678 25.2542 -3.20425
 6 25.2542 -3.1598
 0.5 26.9153 -5.79691
 0.59322 26.9153 -5.75521
 0.686441 26.9153 -5.7135
 0.779661 26.9153 -5.6718
 0.872881 26.9153 -5.6301
 0.966102 26.9153 -5.58839
 1.05932 26.9153 -5.54669
 1.15254 26.9153 -5.50498
 1.24576 26.9153 -5.46328
 1.33898 26.9153 -5.42157
 1.4322 26.9153 -5.37987
 1.52542 26.9153 -5.33816
 1.61864 26.9153 -5.29646
 1.71186 26.9153 -5.25476
 1.80508 26.9153 -5.21305
 1.89831 26.9153 -5.17135
 1.99153 26.9153 -5.12964
 2.08475 26.9153 -5.08794
 2.17797 26.9153 -5.04623
 2.27119 26.9153 -5.00453
 2.36441 26.9153 -4.96282
 2.45763 26.9153 -4.92112
 2.55085 26.9153 -4.87942
 2.64407 26.9153 -4.83771
 2.73729 26.9153 -4.79601
 2.83051 26.9153 -4.7543
 2.92373 26.9153 -4.7126
 3.01695 26.9153 -4.67089
 3.11017 26.9153 -4.62919
 3.20339 26.9153 -4.58748
 3.29661 26.9153 -4.54578
 3.38983 26.9153 -4.50408
 3.48305 26.9153 -4.46237
 3.57627 26.9153 -4.42067
 3.66949 26.9153 -4.37896
 3.76271 26.9153 -4.33726
 3.85593 26.9153 -4.29555
 3.94915 26.9153 -4.25385
 4.04237 26.9153 -4.21215
 4.13559 26.9153 -4.17044
 4.22881 26.9153 -4.12874
 4.32203 26.9153 -4.08703
 4.41525 26.9153 -4.04533
 4.50847 26.9153 -4.00362
 4.60169 26.9153 -3.96192
 4.69492 26.9153 -3.92021
 4.78814 26.9153 -3.87851
 4.88136 26.9153 -3.83681
 4.97458 26.9153 -3.7951
 5.0678 26.9153 -3.7534
 5.16102 26.9153 -3.71169
 5.25424 26.9153 -3.66999
 5.34746 26.9153 -3.62828
 5.44068 26.9153 -3.58658
 5.5339 26.9153 -3.54487
 5.62712 26.9153 -3.50317
 5.72034 26.9153 -3.46147
 5.81356 26.9153 -3.41976
 5.90678 26.9153 -3.37806
 6 26.9153 -3.33635
 0.5 28.5763 -5.80991
 0.59322 28.5763 -5.77063
 0.686441 28.5763 -5.73135
 0.779661 28.5763 -5.69207
 0.872881 28.5763 -5.65279
 0.966102 28.5763 -5.61351
 1.05932 28.5763 -5.57423
 1.15254 28.5763 -5.53495
 1.24576 28.5763 -5.49567
 1.33898 28.5763 -5.45639
 1.4322 28.5763 -5.41711
 1.52542 28.5763 -5.37783
 1.61864 28.5763 -5.33855
 1.71186 28.5763 -5.29927
 1.80508 28.5763 -5.25999
 1.89831 28.5763 -5.22071
 1.99153 28.5763 -5.18143
 2.08475 28.5763 -5.14215
 2.17797 28.5763 -5.10287
 2.27119 28.5763 -5.06359
 2.36441 28.5763 -5.02431
 2.45763 28.5763 -4.98503
 2.55085 28.5763 -4.94575
 2.64407 28.5763 -4.90647
 2.73729 28.5763 -4.86719
 2.83051 28.5763 -4.82791
 2.92373 28.5763 -4.78863
 3.01695 28.5763 -4.74935
 3.11017 28.5763 -4.71007
 3.20339 28.5763 -4.67079
 3.29661 28.5763 -4.63151
 3.38983 28.5763 -4.59223
 3.48305 28.5763 -4.55294
 3.57627 28.5763 -4.51366
 3.66949 28.5763 -4.47438
 3.76271 28.5763 -4.4351
 3.85593 28.5763 -4.39582
 3.94915 28.5763 -4.35654
 4.04237 28.5763 -4.31726
 4.13559 28.5763 -4.27798
 4.22881 28.5763 -4.2387
 4.32203 28.5763 -4.19942
 4.41525 28.5763 -4.16014
 4.50847 28.5763 -4.12086
 4.60169 28.5763 -4.08158
 4.69492 28.5763 -4.0423
 4.78814 28.5763 -4.00302
 4.88136 28.5763 -3.96374
 4.97458 28.5763 -3.92446
 5.0678 28.5763 -3.88518
 5.16102 28.5763 -3.8459
 5.25424 28.5763 -3.80662
 5.34746 28.5763 -3.76734
 5.44068 28.5763 -3.72806
 5.5339 28.5763 -3.68878
 5.62712 28.5763 -3.6495
 5.72034 28.5763 -3.61022
 5.81356 28.5763 -3.57094
 5.90678 28.5763 -3.53166
 6 28.5763 -3.49238
 0.5 30.2373 -5.82149
 0.59322 30.2373 -5.78437
 0.686441 30.2373 -5.74724
 0.779661 30.2373 -5.71012
 0.872881 30.2373 -5.673
 0.966102 30.2373 -5.63588
 1.05932 30.2373 -5.59875
 1.15254 30.2373 -5.56163
 1.24576 30.2373 -5.52451
 1.33898 30.2373 -5.48739
 1.4322 30.2373 -5.45026
 1.52542 30.2373 -5.41314
 1.61864 30.2373 -5.37602
 1.71186 30.2373 -5.3389
 1.80508 30.2373 -5.30177
 1.89831 30.2373 -5.26465
 1.99153 30.2373 -5.22753
 2.08475 30.2373 -5.19041
 2.17797 30.2373 -5.15328
 2.27119 30.2373 -5.11616
 2.36441 30.2373 -5.07904
 2.45763 30.2373 -5.04191
 2.55085 30.2373 -5.00479
 2.64407 30.2373 -4.96767
 2.73729 30.2373 -4.93055
 2.83051 30.2373 -4.89342
 2.92373 30.2373 -4.8563
 3.01695 30.2373 -4.81918
 3.11017 30.2373 -4.78206
 3.20339 30.2373 -4.74493
 3.29661 30.2373 -4.70781
 3.38983 30.2373 -4.67069
 3.48305 30.2373 -4.63357
 3.57627 30.2373 -4.59644
 3.66949 30.2373 -4.55932
 3.76271 30.2373 -4.5222
 3.85593 30.2373 -4.48508
 3.94915 30.2373 -4.44795
 4.04237 30.2373 -4.41083
 4.13559 30.2373 -4.37371
 4.22881 30.2373 -4.33659
 4.32203 30.2373 -4.29946
 4.41525 30.2373 -4.26234
 4.50847 30.2373 -4.22522
 4.60169 30.2373 -4.1881
 4.69492 30.2373 -4.15097
 4.78814 30.2373 -4.11385
 4.88136 30.2373 -4.07673
 4.97458 30.2373 -4.03961
 5.0678 30.2373 -4.00248
 5.16102 30.2373 -3.96536
 5.25424 30.2373 -3.92824
 5.34746 30.2373 -3.89112
 5.44068 30.2373 -3.85399
 5.5339 30.2373 -3.81687
 5.62712 30.2373 -3.77975
 5.72034 30.2373 -3.74263
 5.81356 30.2373 -3.7055
 5.90678 30.2373 -3.66838
 6 30.2373 -3.63126
 0.5 31.8983 -5.83186
 0.59322 31.8983 -5.79667
 0.686441 31.8983 -5.76148
 0.779661 31.8983 -5.72629
 0.872881 31.8983 -5.6911
 0.966102 31.8983 -5.65591
 1.05932 31.8983 -5.62072
 1.15254 31.8983 -5.58553
 1.24576 31.8983 -5.55034
 1.33898 31.8983 -5.51515
 1.4322 31.8983 -5.47996
 1.52542 31.8983 -5.44477
 1.61864 31.8983 -5.40958
 1.71186 31.8983 -5.37439
 1.80508 31.8983 -5.3392
 1.89831 31.8983 -5.30401
 1.99153 31.8983 -5.26882
 2.08475 31.8983 -5.23364
 2.17797 31.8983 -5.19845
 2.27119 31.8983 -5.16326
 2.36441 31.8983 -5.12807
 2.45763 31.8983 -5.09288
 2.55085 31.8983 -5.05769
 2.64407 31.8983 -5.0225
 2.73729 31.8983 -4.98731
 2.83051 31.8983 -4.95212
 2.92373 31.8983 -4.91693
 3.01695 31.8983 -4.88174
 3.11017 31.8983 -4.84655
 3.20339 31.8983 -4.81136
 3.29661 31.8983 -4.77617
 3.38983 31.8983 -4.74098
 3.48305 31.8983 -4.70579
 3.57627 31.8983 -4.6706
 3.66949 31.8983 -4.63541
 3.76271 31.8983 -4.60022
 3.85593 31.8983 -4.56504
 3.94915 31.8983 -4.52985
 4.04237 31.8983 -4.49466
 4.13559 31.8983 -4.45947
 4.22881 31.8983 -4.42428
 4.32203 31.8983 -4.38909
 4.41525 31.8983 -4.3539
 4.50847 31.8983 -4.31871
 4.60169 31.8983 -4.28352
 4.69492 31.8983 -4.24833
 4.78814 31.8983 -4.21314
 4.88136 31.8983 -4.17795
 4.97458 31.8983 -4.14276
 5.0678 31.8983 -4.10757
 5.16102 31.8983 -4.07238
 5.25424 31.8983 -4.03719
 5.34746 31.8983 -4.002
 5.44068 31.8983 -3.96681
 5.5339 31.8983 -3.93162
 5.62712 31.8983 -3.89644
 5.72034 31.8983 -3.86125
 5.81356 31.8983 -3.82606
 5.90678 31.8983 -3.79087
 6 31.8983 -3.75568
 0.5 33.5593 -5.8412
 0.59322 33.5593 -5.80775
 0.686441 33.5593 -5.7743
 0.779661 33.5593 -5.74085
 0.872881 33.5593 -5.70741
 0.966102 33.5593 -5.67396
 1.05932 33.5593 -5.64051
 1.15254 33.5593 -5.60706
 1.24576 33.5593 -5.57362
 1.33898 33.5593 -5.54017
 1.4322 33.5593 -5.50672
 1.52542 33.5593 -5.47327
 1.61864 33.5593 -5.43982
 1.71186 33.5593 -5.40638
 1.80508 33.5593 -5.37293
 1.89831 33.5593 -5.33948
 1.99153 33.5593 -5.30603
 2.08475 33.5593 -5.27259
 2.17797 33.5593 -5.23914
 2.27119 33.5593 -5.20569
 2.36441 33.5593 -5.17224
 2.45763 33.5593 -5.13879
 2.55085 33.5593 -5.10535
 2.64407 33.5593 -5.0719
 2.73729 33.5593 -5.03845
 2.83051 33.5593 -5.005
 2.92373 33.5593 -4.97156
 3.01695 33.5593 -4.93811
 3.11017 33.5593 -4.90466
 3.20339 33.5593 -4.87121
 3.29661 33.5593 -4.83776
 3.38983 33.5593 -4.80432
 3.48305 33.5593 -4.77087
 3.57627 33.5593 -4.73742
 3.66949 33.5593 -4.70397
 3.76271 33.5593 -4.67053
 3.85593 33.5593 -4.63708
 3.94915 33.5593 -4.60363
 4.04237 33.5593 -4.57018
 4.13559 33.5593 -4.53673
 4.22881 33.5593 -4.50329
 4.32203 33.5593 -4.46984
 4.41525 33.5593 -4.43639
 4.50847 33.5593 -4.40294
 4.60169 33.5593 -4.3695
 4.69492 33.5593 -4.33605
 4.78814 33.5593 -4.3026
 4.88136 33.5593 -4.26915
 4.97458 33.5593 -4.2357
 5.0678 33.5593 -4.20226
 5.16102 33.5593 -4.16881
 5.25424 33.5593 -4.13536
 5.34746 33.5593 -4.10191
 5.44068 33.5593 -4.06847
 5.5339 33.5593 -4.03502
 5.62712 33.5593 -4.00157
 5.72034 33.5593 -3.96812
 5.81356 33.5593 -3.93467
 5.90678 33.5593 -3.90123
 6 33.5593 -3.86778
 0.5 35.2203 -5.84966
 0.59322 35.2203 -5.81779
 0.686441 35.2203 -5.78592
 0.779661 35.2203 -5.75405
 0.872881 35.2203 -5.72218
 0.966102 35.2203 -5.69031
 1.05932 35.2203 -5.65844
 1.15254 35.2203 -5.62657
 1.24576 35.2203 -5.5947
 1.33898 35.2203 -5.56283
 1.4322 35.2203 -5.53096
 1.52542 35.2203 -5.49909
 1.61864 35.2203 -5.46721
 1.71186 35.2203 -5.43534
 1.80508 35.2203 -5.40347
 1.89831 35.2203 -5.3716
 1.99153 35.2203 -5.33973
 2.08475 35.2203 -5.30786
 2.17797 35.2203 -5.27599
 2.27119 35.2203 -5.24412
 2.36441 35.2203 -5.21225
 2.45763 35.2203 -5.18038
 2.55085 35.2203 -5.14851
 2.64407 35.2203 -5.11664
 2.73729 35.2203 -5.08477
 2.83051 35.2203 -5.0529
 2.92373 35.2203 -5.02103
 3.01695 35.2203 -4.98916
 3.11017 35.2203 -4.95729
 3.20339 35.2203 -4.92542
 3.29661 35.2203 -4.89355
 3.38983 35.2203 -4.86168
 3.48305 35.2203 -4.82981
 3.57627 35.2203 -4.79794
 3.66949 35.2203 -4.76607
 3.76271 35.2203 -4.7342
 3.85593 35.2203 -4.70233
 3.94915 35.2203 -4.67046
 4.04237 35.2203 -4.63859
 4.13559 35.2203 -4.60672
 4.22881 35.2203 -4.57484
 4.32203 35.2203 -4.54297
 4.41525 35.2203 -4.5111
 4.50847 35.2203 -4.47923
 4.60169 35.2203 -4.44736
 4.69492 35.2203 -4.41549
 4.78814 35.2203 -4.38362
 4.88136 35.2203 -4.35175
 4.97458 35.2203 -4.31988
 5.0678 35.2203 -4.28801
 5.16102 35.2203 -4.25614
 5.25424 35.2203 -4.22427
 5.34746 35.2203 -4.1924
 5.44068 35.2203 -4.16053
 5.5339 35.2203 -4.12866
 5.62712 35.2203 -4.09679
 5.72034 35.2203 -4.06492
 5.81356 35.2203 -4.03305
 5.90678 35.2203 -4.00118
 6 35.2203 -3.96931
 0.5 36.8814 -5.85736
 0.59322 36.8814 -5.82692
 0.686441 36.8814 -5.79649
 0.779661 36.8814 -5.76605
 0.872881 36.8814 -5.73562
 0.966102 36.8814 -5.70518
 1.05932 36.8814 -5.67475
 1.15254 36.8814 -5.64431
 1.24576 36.8814 -5.61388
 1.33898 36.8814 -5.58344
 1.4322 36.8814 -5.55301
 1.52542 36.8814 -5.52257
 1.61864 36.8814 -5.49214
 1.71186 36.8814 -5.4617
 1.80508 36.8814 -5.43127
 1.89831 36.8814 -5.40083
 1.99153 36.8814 -5.3704
 2.08475 36.8814 -5.33996
 2.17797 36.8814 -5.30953
 2.27119 36.8814 -5.27909
 2.36441 36.8814 -5.24866
 2.45763 36.8814 -5.21822
 2.55085 36.8814 -5.18779
 2.64407 36.8814 -5.15735
 2.73729 36.8814 -5.12692
 2.83051 36.8814 -5.09648
 2.92373 36.8814 -5.06605
 3.01695 36.8814 -5.03561
 3.11017 36.8814 -5.00518
 3.20339 36.8814 -4.97474
 3.29661 36.8814 -4.94431
 3.38983 36.8814 -4.91387
 3.48305 36.8814 -4.88344
 3.57627 36.8814 -4.853
 3.66949 36.8814 -4.82257
 3.76271 36.8814 -4.79213
 3.85593 36.8814 -4.7617
 3.94915 36.8814 -4.73126
 4.04237 36.8814 -4.70083
 4.13559 36.8814 -4.67039
 4.22881 36.8814 -4.63996
 4.32203 36.8814 -4.60952
 4.41525 36.8814 -4.57909
 4.50847 36.8814 -4.54865
 4.60169 36.8814 -4.51822
 4.69492 36.8814 -4.48778
 4.78814 36.8814 -4.45735
 4.88136 36.8814 -4.42691
 4.97458 36.8814 -4.39648
 5.0678 36.8814 -4.36604
 5.16102 36.8814 -4.33561
 5.25424 36.8814 -4.30517
 5.34746 36.8814 -4.27474
 5.44068 36.8814 -4.2443
 5.5339 36.8814 -4.21387
 5.62712 36.8814 -4.18343
 5.72034 36.8814 -4.153
 5.81356 36.8814 -4.12256
 5.90678 36.8814 -4.09213
 6 36.8814 -4.06169
 0.5 38.5424 -5.86439
 0.59322 38.5424 -5.83527
 0.686441 38.5424 -5.80615
 0.779661 38.5424 -5.77702
 0.872881 38.5424 -5.7479
 0.966102 38.5424 -5.71878
 1.05932 38.5424 -5.68965
 1.15254 38.5424 -5.66053
 1.24576 38.5424 -5.63141
 1.33898 38.5424 -5.60228
 1.4322 38.5424 -5.57316
 1.52542 38.5424 -5.54404
 1.61864 38.5424 -5.51491
 1.71186 38.5424 -5.48579
 1.80508 38.5424 -5.45667
 1.89831 38.5424 -5.42754
 1.99153 38.5424 -5.39842
 2.08475 38.5424 -5.36929
 2.17797 38.5424 -5.34017
 2.27119 38.5424 -5.31105
 2.36441 38.5424 -5.28192
 2.45763 38.5424 -5.2528
 2.55085 38.5424 -5.22368
 2.64407 38.5424 -5.19455
 2.73729 38.5424 -5.16543
 2.83051 38.5424 -5.13631
 2.92373 38.5424 -5.10718
 3.01695 38.5424 -5.07806
 3.11017 38.5424 -5.04894
 3.20339 38.5424 -5.01981
 3.29661 38.5424 -4.99069
 3.38983 38.5424 -4.96157
 3.48305 38.5424 -4.93244
 3.57627 38.5424 -4.90332
 3.66949 38.5424 -4.8742
 3.76271 38.5424 -4.84507
 3.85593 38.5424 -4.81595
 3.94915 38.5424 -4.78683
 4.04237 38.5424 -4.7577
 4.13559 38.5424 -4.72858
 4.22881 38.5424 -4.69946
 4.32203 38.5424 -4.67033
 4.41525 38.5424 -4.64121
 4.50847 38.5424 -4.61209
 4.60169 38.5424 -4.58296
 4.69492 38.5424 -4.55384
 4.78814 38.5424 -4.52472
 4.88136 38.5424 -4.49559
 4.97458 38.5424 -4.46647
 5.0678 38.5424 -4.43735
 5.16102 38.5424 -4.40822
 5.25424 38.5424 -4.3791
 5.34746 38.5424 -4.34998
 5.44068 38.5424 -4.32085
 5.5339 38.5424 -4.29173
 5.62712 38.5424 -4.26261
 5.72034 38.5424 -4.23348
 5.81356 38.5424 -4.20436
 5.90678 38.5424 -4.17524
 6 38.5424 -4.14611
 0.5 40.2034 -5.87085
 0.59322 40.2034 -5.84293
 0.686441 40.2034 -5.81501
 0.779661 40.2034 -5.78709
 0.872881 40.2034 -5.75917
 0.966102 40.2034 -5.73125
 1.05932 40.2034 -5.70333
 1.15254 40.2034 -5.67541
 1.24576 40.2034 -5.64749
 1.33898 40.2034 -5.61957
 1.4322 40.2034 -5.59164
 1.52542 40.2034 -5.56372
 1.61864 40.2034 -5.5358
 1.71186 40.2034 -5.50788
 1.80508 40.2034 -5.47996
 1.89831 40.2034 -5.45204
 1.99153 40.2034 -5.42412
 2.08475 40.2034 -5.3962
 2.17797 40.2034 -5.36828
 2.27119 40.2034 -5.34036
 2.36441 40.2034 -5.31244
 2.45763 40.2034 -5.28452
 2.55085 40.2034 -5.2566
 2.64407 40.2034 -5.22868
 2.73729 40.2034 -5.20076
 2.83051 40.2034 -5.17284
 2.92373 40.2034 -5.14492
 3.01695 40.2034 -5.117
 3.11017 40.2034 -5.08908
 3.20339 40.2034 -5.06116
 3.29661 40.2034 -5.03324
 3.38983 40.2034 -5.00532
 3.48305 40.2034 -4.9774
 3.57627 40.2034 -4.94948
 3.66949 40.2034 -4.92156
 3.76271 40.2034 -4.89364
 3.85593 40.2034 -4.86572
 3.94915 40.2034 -4.8378
 4.04237 40.2034 -4.80988
 4.13559 40.2034 -4.78196
 4.22881 40.2034 -4.75404
 4.32203 40.2034 -4.72612
 4.41525 40.2034 -4.6982
 4.50847 40.2034 -4.67028
 4.60169 40.2034 -4.64236
 4.69492 40.2034 -4.61444
 4.78814 40.2034 -4.58652
 4.88136 40.2034 -4.5586
 4.97458 40.2034 -4.53068
 5.0678 40.2034 -4.50276
 5.16102 40.2034 -4.47484
 5.25424 40.2034 -4.44692
 5.34746 40.2034 -4.419
 5.44068 40.2034 -4.39108
 5.5339 40.2034 -4.36316
 5.62712 40.2034 -4.33524
 5.72034 40.2034 -4.30732
 5.81356 40.2034 -4.2794
 5.90678 40.2034 -4.25148
 6 40.2034 -4.22356
 0.5 41.8644 -5.87679
 0.59322 41.8644 -5.84998
 0.686441 41.8644 -5.82316
 0.779661 41.8644 -5.79635
 0.872881 41.8644 -5.76954
 0.966102 41.8644 -5.74273
 1.05932 41.8644 -5.71591
 1.15254 41.8644 -5.6891
 1.24576 41.8644 -5.66229
 1.33898 41.8644 -5.63548
 1.4322 41.8644 -5.60866
 1.52542 41.8644 -5.58185
 1.61864 41.8644 -5.55504
 1.71186 41.8644 -5.52823
 1.80508 41.8644 -5.50141
 1.89831 41.8644 -5.4746
 1.99153 41.8644 -5.44779
 2.08475 41.8644 -5.42098
 2.17797 41.8644 -5.39417
 2.27119 41.8644 -5.36735
 2.36441 41.8644 -5.34054
 2.45763 41.8644 -5.31373
 2.55085 41.8644 -5.28692
 2.64407 41.8644 -5.2601
 2.73729 41.8644 -5.23329
 2.83051 41.8644 -5.20648
 2.92373 41.8644 -5.17967
 3.01695 41.8644 -5.15285
 3.11017 41.8644 -5.12604
 3.20339 41.8644 -5.09923
 3.29661 41.8644 -5.07242
 3.38983 41.8644 -5.0456
 3.48305 41.8644 -5.01879
 3.57627 41.8644 -4.99198
 3.66949 41.8644 -4.96517
 3.76271 41.8644 -4.93835
 3.85593 41.8644 -4.91154
 3.94915 41.8644 -4.88473
 4.04237 41.8644 -4.85792
 4.13559 41.8644 -4.8311
 4.22881 41.8644 -4.80429
 4.32203 41.8644 -4.77748
 4.41525 41.8644 -4.75067
 4.50847 41.8644 -4.72386
 4.60169 41.8644 -4.69704
 4.69492 41.8644 -4.67023
 4.78814 41.8644 -4.64342
 4.88136 41.8644 -4.61661
 4.97458 41.8644 -4.58979
 5.0678 41.8644 -4.56298
 5.16102 41.8644 -4.53617
 5.25424 41.8644 -4.50936
 5.34746 41.8644 -4.48254
 5.44068 41.8644 -4.45573
 5.5339 41.8644 -4.42892
 5.62712 41.8644 -4.40211
 5.72034 41.8644 -4.37529
 5.81356 41.8644 -4.34848
 5.90678 41.8644 -4.32167
 6 41.8644 -4.29486
 0.5 43.5254 -5.88228
 0.59322 43.5254 -5.85649
 0.686441 43.5254 -5.8307
 0.779661 43.5254 -5.80491
 0.872881 43.5254 -5.77912
 0.966102 43.5254 -5.75333
 1.05932 43.5254 -5.72754
 1.15254 43.5254 -5.70175
 1.24576 43.5254 -5.67596
 1.33898 43.5254 -5.65017
 1.4322 43.5254 -5.62438
 1.52542 43.5254 -5.5986
 1.61864 43.5254 -5.57281
 1.71186 43.5254 -5.54702
 1.80508 43.5254 -5.52123
 1.89831 43.5254 -5.49544
 1.99153 43.5254 -5.46965
 2.08475 43.5254 -5.44386
 2.17797 43.5254 -5.41807
 2.27119 43.5254 -5.39228
 2.36441 43.5254 -5.36649
 2.45763 43.5254 -5.3407
 2.55085 43.5254 -5.31491
 2.64407 43.5254 -5.28913
 2.73729 43.5254 -5.26334
 2.83051 43.5254 -5.23755
 2.92373 43.5254 -5.21176
 3.01695 43.5254 -5.18597
 3.11017 43.5254 -5.16018
 3.20339 43.5254 -5.13439
 3.29661 43.5254 -5.1086
 3.38983 43.5254 -5.08281
 3.48305 43.5254 -5.05702
 3.57627 43.5254 -5.03123
 3.66949 43.5254 -5.00544
 3.76271 43.5254 -4.97966
 3.85593 43.5254 -4.95387
 3.94915 43.5254 -4.92808
 4.04237 43.5254 -4.90229
 4.13559 43.5254 -4.8765
 4.22881 43.5254 -4.85071
 4.32203 43.5254 -4.82492
 4.41525 43.5254 -4.79913
 4.50847 43.5254 -4.77334
 4.60169 43.5254 -4.74755
 4.69492 43.5254 -4.72176
 4.78814 43.5254 -4.69597
 4.88136 43.5254 -4.67018
 4.97458 43.5254 -4.6444
 5.0678 43.5254 -4.61861
 5.16102 43.5254 -4.59282
 5.25424 43.5254 -4.56703
 5.34746 43.5254 -4.54124
 5.44068 43.5254 -4.51545
 5.5339 43.5254 -4.48966
 5.62712 43.5254 -4.46387
 5.72034 43.5254 -4.43808
 5.81356 43.5254 -4.41229
 5.90678 43.5254 -4.3865
 6 43.5254 -4.36071
 0.5 45.1864 -5.88736
 0.59322 45.1864 -5.86252
 0.686441 45.1864 -5.83768
 0.779661 45.1864 -5.81284
 0.872881 45.1864 -5.788
 0.966102 45.1864 -5.76315
 1.05932 45.1864 -5.73831
 1.15254 45.1864 -5.71347
 1.24576 45.1864 -5.68863
 1.33898 45.1864 -5.66379
 1.4322 45.1864 -5.63895
 1.52542 45.1864 -5.61411
 1.61864 45.1864 -5.58927
 1.71186 45.1864 -5.56443
 1.80508 45.1864 -5.53958
 1.89831 45.1864 -5.51474
 1.99153 45.1864 -5.4899
 2.08475 45.1864 -5.46506
 2.17797 45.1864 -5.44022
 2.27119 45.1864 -5.41538
 2.36441 45.1864 -5.39054
 2.45763 45.1864 -5.3657
 2.55085 45.1864 -5.34085
 2.64407 45.1864 -5.31601
 2.73729 45.1864 -5.29117
 2.83051 45.1864 -5.26633
 2.92373 45.1864 -5.24149
 3.01695 45.1864 -5.21665
 3.11017 45.1864 -5.19181
 3.20339 45.1864 -5.16697
 3.29661 45.1864 -5.14213
 3.38983 45.1864 -5.11728
 3.48305 45.1864 -5.09244
 3.57627 45.1864 -5.0676
 3.66949 45.1864 -5.04276
 3.76271 45.1864 -5.01792
 3.85593 45.1864 -4.99308
 3.94915 45.1864 -4.96824
 4.04237 45.1864 -4.9434
 4.13559 45.1864 -4.91855
 4.22881 45.1864 -4.89371
 4.32203 45.1864 -4.86887
 4.41525 45.1864 -4.84403
 4.50847 45.1864 -4.81919
 4.60169 45.1864 -4.79435
 4.69492 45.1864 -4.76951
 4.78814 45.1864 -4.74467
 4.88136 45.1864 -4.71983
 4.97458 45.1864 -4.69498
 5.0678 45.1864 -4.67014
 5.16102 45.1864 -4.6453
 5.25424 45.1864 -4.62046
 5.34746 45.1864 -4.59562
 5.44068 45.1864 -4.57078
 5.5339 45.1864 -4.54594
 5.62712 45.1864 -4.5211
 5.72034 45.1864 -4.49625
 5.81356 45.1864 -4.47141
 5.90678 45.1864 -4.44657
 6 45.1864 -4.42173
 0.5 46.8475 -5.89208
 0.59322 46.8475 -5.86812
 0.686441 46.8475 -5.84416
 0.779661 46.8475 -5.8202
 0.872881 46.8475 -5.79624
 0.966102 46.8475 -5.77228
 1.05932 46.8475 -5.74832
 1.15254 46.8475 -5.72436
 1.24576 46.8475 -5.7004
 1.33898 46.8475 -5.67644
 1.4322 46.8475 -5.65248
 1.52542 46.8475 -5.62852
 1.61864 46.8475 -5.60456
 1.71186 46.8475 -5.5806
 1.80508 46.8475 -5.55664
 1.89831 46.8475 -5.53268
 1.99153 46.8475 -5.50872
 2.08475 46.8475 -5.48476
 2.17797 46.8475 -5.4608
 2.27119 46.8475 -5.43684
 2.36441 46.8475 -5.41288
 2.45763 46.8475 -5.38892
 2.55085 46.8475 -5.36496
 2.64407 46.8475 -5.341
 2.73729 46.8475 -5.31703
 2.83051 46.8475 -5.29307
 2.92373 46.8475 -5.26911
 3.01695 46.8475 -5.24515
 3.11017 46.8475 -5.22119
 3.20339 46.8475 -5.19723
 3.29661 46.8475 -5.17327
 3.38983 46.8475 -5.14931
 3.48305 46.8475 -5.12535
 3.57627 46.8475 -5.10139
 3.66949 46.8475 -5.07743
 3.76271 46.8475 -5.05347
 3.85593 46.8475 -5.02951
 3.94915 46.8475 -5.00555
 4.04237 46.8475 -4.98159
 4.13559 46.8475 -4.95763
 4.22881 46.8475 -4.93367
 4.32203 46.8475 -4.90971
 4.41525 46.8475 -4.88575
 4.50847 46.8475 -4.86179
 4.60169 46.8475 -4.83783
 4.69492 46.8475 -4.81387
 4.78814 46.8475 -4.78991
 4.88136 46.8475 -4.76595
 4.97458 46.8475 -4.74198
 5.0678 46.8475 -4.71802
 5.16102 46.8475 -4.69406
 5.25424 46.8475 -4.6701
 5.34746 46.8475 -4.64614
 5.44068 46.8475 -4.62218
 5.5339 46.8475 -4.59822
 5.62712 46.8475 -4.57426
 5.72034 46.8475 -4.5503
 5.81356 46.8475 -4.52634
 5.90678 46.8475 -4.50238
 6 46.8475 -4.47842
 0.5 48.5085 -5.89649
 0.59322 48.5085 -5.87335
 0.686441 48.5085 -5.85021
 0.779661 48.5085 -5.82707
 0.872881 48.5085 -5.80393
 0.966102 48.5085 -5.78079
 1.05932 48.5085 -5.75765
 1.15254 48.5085 -5.73451
 1.24576 48.5085 -5.71137
 1.33898 48.5085 -5.68823
 1.4322 48.5085 -5.66509
 1.52542 48.5085 -5.64195
 1.61864 48.5085 -5.61881
 1.71186 48.5085 -5.59567
 1.80508 48.5085 -5.57253
 1.89831 48.5085 -5.54939
 1.99153 48.5085 -5.52625
 2.08475 48.5085 -5.50311
 2.17797 48.5085 -5.47997
 2.27119 48.5085 -5.45683
 2.36441 48.5085 -5.43369
 2.45763 48.5085 -5.41055
 2.55085 48.5085 -5.38741
 2.64407 48.5085 -5.36427
 2.73729 48.5085 -5.34113
 2.83051 48.5085 -5.31799
 2.92373 48.5085 -5.29485
 3.01695 48.5085 -5.27171
 3.11017 48.5085 -5.24857
 3.20339 48.5085 -5.22543
 3.29661 48.5085 -5.20229
 3.38983 48.5085 -5.17915
 3.48305 48.5085 -5.15601
 3.57627 48.5085 -5.13287
 3.66949 48.5085 -5.10973
 3.76271 48.5085 -5.08659
 3.85593 48.5085 -5.06345
 3.94915 48.5085 -5.04031
 4.04237 48.5085 -5.01717
 4.13559 48.5085 -4.99403
 4.22881 48.5085 -4.97089
 4.32203 48.5085 -4.94775
 4.41525 48.5085 -4.92461
 4.50847 48.5085 -4.90147
 4.60169 48.5085 -4.87833
 4.69492 48.5085 -4.85519
 4.78814 48.5085 -4.83205
 4.88136 48.5085 -4.80891
 4.97458 48.5085 -4.78577
 5.0678 48.5085 -4.76263
 5.16102 48.5085 -4.73949
 5.25424 48.5085 -4.71635
 5.34746 48.5085 -4.69321
 5.44068 48.5085 -4.67007
 5.5339 48.5085 -4.64693
 5.62712 48.5085 -4.62379
 5.72034 48.5085 -4.60065
 5.81356 48.5085 -4.57751
 5.90678 48.5085 -4.55437
 6 48.5085 -4.53123
 0.5 50.1695 -5.90059
 0.59322 50.1695 -5.87822
 0.686441 50.1695 -5.85585
 0.779661 50.1695 -5.83347
 0.872881 50.1695 -5.8111
 0.966102 50.1695 -5.78873
 1.05932 50.1695 -5.76635
 1.15254 50.1695 -5.74398
 1.24576 50.1695 -5.7216
 1.33898 50.1695 -5.69923
 1.4322 50.1695 -5.67686
 1.52542 50.1695 -5.65448
 1.61864 50.1695 -5.63211
 1.71186 50.1695 -5.60973
 1.80508 50.1695 -5.58736
 1.89831 50.1695 -5.56499
 1.99153 50.1695 -5.54261
 2.08475 50.1695 -5.52024
 2.17797 50.1695 -5.49787
 2.27119 50.1695 -5.47549
 2.36441 50.1695 -5.45312
 2.45763 50.1695 -5.43074
 2.55085 50.1695 -5.40837
 2.64407 50.1695 -5.386
 2.73729 50.1695 -5.36362
 2.83051 50.1695 -5.34125
 2.92373 50.1695 -5.31887
 3.01695 50.1695 -5.2965
 3.11017 50.1695 -5.27413
 3.20339 50.1695 -5.25175
 3.29661 50.1695 -5.22938
 3.38983 50.1695 -5.20701
 3.48305 50.1695 -5.18463
 3.57627 50.1695 -5.16226
 3.66949 50.1695 -5.13988
 3.76271 50.1695 -5.11751
 3.85593 50.1695 -5.09514
 3.94915 50.1695 -5.07276
 4.04237 50.1695 -5.05039
 4.13559 50.1695 -5.02801
 4.22881 50.1695 -5.00564
 4.32203 50.1695 -4.98327
 4.41525 50.1695 -4.96089
 4.50847 50.1695 -4.93852
 4.60169 50.1695 -4.91615
 4.69492 50.1695 -4.89377
 4.78814 50.1695 -4.8714
 4.88136 50.1695 -4.84902
 4.97458 50.1695 -4.82665
 5.0678 50.1695 -4.80428
 5.16102 50.1695 -4.7819
 5.25424 50.1695 -4.75953
 5.34746 50.1695 -4.73715
 5.44068 50.1695 -4.71478
 5.5339 50.1695 -4.69241
 5.62712 50.1695 -4.67003
 5.72034 50.1695 -4.64766
 5.81356 50.1695 -4.62529
 5.90678 50.1695 -4.60291
 6 50.1695 -4.58054
 0.5 51.8305 -5.90444
 0.59322 51.8305 -5.88278
 0.686441 51.8305 -5.86113
 0.779661 51.8305 -5.83947
 0.872881 51.8305 -5.81781
 0.966102 51.8305 -5.79616
 1.05932 51.8305 -5.7745
 1.15254 51.8305 -5.75284
 1.24576 51.8305 -5.73119
 1.33898 51.8305 -5.70953
 1.4322 51.8305 -5.68787
 1.52542 51.8305 -5.66622
 1.61864 51.8305 -5.64456
 1.71186 51.8305 -5.6229
 1.80508 51.8305 -5.60124
 1.89831 51.8305 -5.57959
 1.99153 51.8305 -5.55793
 2.08475 51.8305 -5.53627
 2.17797 51.8305 -5.51462
 2.27119 51.8305 -5.49296
 2.36441 51.8305 -5.4713
 2.45763 51.8305 -5.44965
 2.55085 51.8305 -5.42799
 2.64407 51.8305 -5.40633
 2.73729 51.8305 -5.38468
 2.83051 51.8305 -5.36302
 2.92373 51.8305 -5.34136
 3.01695 51.8305 -5.31971
 3.11017 51.8305 -5.29805
 3.20339 51.8305 -5.27639
 3.29661 51.8305 -5.25474
 3.38983 51.8305 -5.23308
 3.48305 51.8305 -5.21142
 3.57627 51.8305 -5.18977
 3.66949 51.8305 -5.16811
 3.76271 51.8305 -5.14645
 3.85593 51.8305 -5.12479
 3.94915 51.8305 -5.10314
 4.04237 51.8305 -5.08148
 4.13559 51.8305 -5.05982
 4.22881 51.8305 -5.03817
 4.32203 51.8305 -5.01651
 4.41525 51.8305 -4.99485
 4.50847 51.8305 -4.9732
 4.60169 51.8305 -4.95154
 4.69492 51.8305 -4.92988
 4.78814 51.8305 -4.90823
 4.88136 51.8305 -4.88657
 4.97458 51.8305 -4.86491
 5.0678 51.8305 -4.84326
 5.16102 51.8305 -4.8216
 5.25424 51.8305 -4.79994
 5.34746 51.8305 -4.77829
 5.44068 51.8305 -4.75663
 5.5339 51.8305 -4.73497
 5.62712 51.8305 -4.71331
 5.72034 51.8305 -4.69166
 5.81356 51.8305 -4.67
 5.90678 51.8305 -4.64834
 6 51.8305 -4.62669
 0.5 53.4915 -5.90805
 0.59322 53.4915 -5.88706
 0.686441 53.4915 -5.86608
 0.779661 53.4915 -5.84509
 0.872881 53.4915 -5.82411
 0.966102 53.4915 -5.80313
 1.05932 53.4915 -5.78214
 1.15254 53.4915 -5.76116
 1.24576 53.4915 -5.74017
 1.33898 53.4915 -5.71919
 1.4322 53.4915 -5.6982
 1.52542 53.4915 -5.67722
 1.61864 53.4915 -5.65624
 1.71186 53.4915 -5.63525
 1.80508 53.4915 -5.61427
 1.89831 53.4915 -5.59328
 1.99153 53.4915 -5.5723
 2.08475 53.4915 -5.55131
 2.17797 53.4915 -5.53033
 2.27119 53.4915 -5.50934
 2.36441 53.4915 -5.48836
 2.45763 53.4915 -5.46738
 2.55085 53.4915 -5.44639
 2.64407 53.4915 -5.42541
 2.73729 53.4915 -5.40442
 2.83051 53.4915 -5.38344
 2.92373 53.4915 -5.36245
 3.01695 53.4915 -5.34147
 3.11017 53.4915 -5.32049
 3.20339 53.4915 -5.2995
 3.29661 53.4915 -5.27852
 3.38983 53.4915 -5.25753
 3.48305 53.4915 -5.23655
 3.57627 53.4915 -5.21556
 3.66949 53.4915 -5.19458
 3.76271 53.4915 -5.1736
 3.85593 53.4915 -5.15261
 3.94915 53.4915 -5.13163
 4.04237 53.4915 -5.11064
 4.13559 53.4915 -5.08966
 4.22881 53.4915 -5.06867
 4.32203 53.4915 -5.04769
 4.41525 53.4915 -5.0267
 4.50847 53.4915 -5.00572
 4.60169 53.4915 -4.98474
 4.69492 53.4915 -4.96375
 4.78814 53.4915 -4.94277
 4.88136 53.4915 -4.92178
 4.97458 53.4915 -4.9008
 5.0678 53.4915 -4.87981
 5.16102 53.4915 -4.85883
 5.25424 53.4915 -4.83785
 5.34746 53.4915 -4.81686
 5.44068 53.4915 -4.79588
 5.5339 53.4915 -4.77489
 5.62712 53.4915 -4.75391
 5.72034 53.4915 -4.73292
 5.81356 53.4915 -4.71194
 5.90678 53.4915 -4.69096
 6 53.4915 -4.66997
 0.5 55.1525 -5.91144
 0.59322 55.1525 -5.89108
 0.686441 55.1525 -5.87073
 0.779661 55.1525 -5.85038
 0.872881 55.1525 -5.83003
 0.966102 55.1525 -5.80968
 1.05932 55.1525 -5.78932
 1.15254 55.1525 -5.76897
 1.24576 55.1525 -5.74862
 1.33898 55.1525 -5.72827
 1.4322 55.1525 -5.70791
 1.52542 55.1525 -5.68756
 1.61864 55.1525 -5.66721
 1.71186 55.1525 -5.64686
 1.80508 55.1525 -5.6265
 1.89831 55.1525 -5.60615
 1.99153 55.1525 -5.5858
 2.08475 55.1525 -5.56545
 2.17797 55.1525 -5.54509
 2.27119 55.1525 -5.52474
 2.36441 55.1525 -5.50439
 2.45763 55.1525 -5.48404
 2.55085 55.1525 -5.46369
 2.64407 55.1525 -5.44333
 2.73729 55.1525 -5.42298
 2.83051 55.1525 -5.40263
 2.92373 55.1525 -5.38228
 3.01695 55.1525 -5.36192
 3.11017 55.1525 -5.34157
 3.20339 55.1525 -5.32122
 3.29661 55.1525 -5.30087
 3.38983 55.1525 -5.28051
 3.48305 55.1525 -5.26016
 3.57627 55.1525 -5.23981
 3.66949 55.1525 -5.21946
 3.76271 55.1525 -5.1991
 3.85593 55.1525 -5.17875
 3.94915 55.1525 -5.1584
 4.04237 55.1525 -5.13805
 4.13559 55.1525 -5.11769
 4.22881 55.1525 -5.09734
 4.32203 55.1525 -5.07699
 4.41525 55.1525 -5.05664
 4.50847 55.1525 -5.03629
 4.60169 55.1525 -5.01593
 4.69492 55.1525 -4.99558
 4.78814 55.1525 -4.97523
 4.88136 55.1525 -4.95488
 4.97458 55.1525 -4.93452
 5.0678 55.1525 -4.91417
 5.16102 55.1525 -4.89382
 5.25424 55.1525 -4.87347
 5.34746 55.1525 -4.85311
 5.44068 55.1525 -4.83276
 5.5339 55.1525 -4.81241
 5.62712 55.1525 -4.79206
 5.72034 55.1525 -4.7717
 5.81356 55.1525 -4.75135
 5.90678 55.1525 -4.731
 6 55.1525 -4.71065
 0.5 56.8136 -5.91463
 0.59322 56.8136 -5.89487
 0.686441 56.8136 -5.87511
 0.779661 56.8136 -5.85536
 0.872881 56.8136 -5.8356
 0.966102 56.8136 -5.81584
 1.05932 56.8136 -5.79608
 1.15254 56.8136 -5.77633
 1.24576 56.8136 -5.75657
 1.33898 56.8136 -5.73681
 1.4322 56.8136 -5.71706
 1.52542 56.8136 -5.6973
 1.61864 56.8136 -5.67754
 1.71186 56.8136 -5.65778
 1.80508 56.8136 -5.63803
 1.89831 56.8136 -5.61827
 1.99153 56.8136 -5.59851
 2.08475 56.8136 -5.57875
 2.17797 56.8136 -5.559
 2.27119 56.8136 -5.53924
 2.36441 56.8136 -5.51948
 2.45763 56.8136 -5.49972
 2.55085 56.8136 -5.47997
 2.64407 56.8136 -5.46021
 2.73729 56.8136 -5.44045
 2.83051 56.8136 -5.4207
 2.92373 56.8136 -5.40094
 3.01695 56.8136 -5.38118
 3.11017 56.8136 -5.36142
 3.20339 56.8136 -5.34167
 3.29661 56.8136 -5.32191
 3.38983 56.8136 -5.30215
 3.48305 56.8136 -5.28239
 3.57627 56.8136 -5.26264
 3.66949 56.8136 -5.24288
 3.76271 56.8136 -5.22312
 3.85593 56.8136 -5.20336
 3.94915 56.8136 -5.18361
 4.04237 56.8136 -5.16385
 4.13559 56.8136 -5.14409
 4.22881 56.8136 -5.12434
 4.32203 56.8136 -5.10458
 4.41525 56.8136 -5.08482
 4.50847 56.8136 -5.06506
 4.60169 56.8136 -5.04531
 4.69492 56.8136 -5.02555
 4.78814 56.8136 -5.00579
 4.88136 56.8136 -4.98603
 4.97458 56.8136 -4.96628
 5.0678 56.8136 -4.94652
 5.16102 56.8136 -4.92676
 5.25424 56.8136 -4.907
 5.34746 56.8136 -4.88725
 5.44068 56.8136 -4.86749
 5.5339 56.8136 -4.84773
 5.62712 56.8136 -4.82798
 5.72034 56.8136 -4.80822
 5.81356 56.8136 -4.78846
 5.90678 56.8136 -4.7687
 6 56.8136 -4.74895
 0.5 58.4746 -5.91764
 0.59322 58.4746 -5.89844
 0.686441 58.4746 -5.87925
 0.779661 58.4746 -5.86005
 0.872881 58.4746 -5.84085
 0.966102 58.4746 -5.82166
 1.05932 58.4746 -5.80246
 1.15254 58.4746 -5.78327
 1.24576 58.4746 -5.76407
 1.33898 58.4746 -5.74487
 1.4322 58.4746 -5.72568
 1.52542 58.4746 -5.70648
 1.61864 58.4746 -5.68729
 1.71186 58.4746 -5.66809
 1.80508 58.4746 -5.64889
 1.89831 58.4746 -5.6297
 1.99153 58.4746 -5.6105
 2.08475 58.4746 -5.5913
 2.17797 58.4746 -5.57211
 2.27119 58.4746 -5.55291
 2.36441 58.4746 -5.53372
 2.45763 58.4746 -5.51452
 2.55085 58.4746 -5.49532
 2.64407 58.4746 -5.47613
 2.73729 58.4746 -5.45693
 2.83051 58.4746 -5.43774
 2.92373 58.4746 -5.41854
 3.01695 58.4746 -5.39934
 3.11017 58.4746 -5.38015
 3.20339 58.4746 -5.36095
 3.29661 58.4746 -5.34176
 3.38983 58.4746 -5.32256
 3.48305 58.4746 -5.30336
 3.57627 58.4746 -5.28417
 3.66949 58.4746 -5.26497
 3.76271 58.4746 -5.24577
 3.85593 58.4746 -5.22658
 3.94915 58.4746 -5.20738
 4.04237 58.4746 -5.18819
 4.13559 58.4746 -5.16899
 4.22881 58.4746 -5.14979
 4.32203 58.4746 -5.1306
 4.41525 58.4746 -5.1114
 4.50847 58.4746 -5.09221
 4.60169 58.4746 -5.07301
 4.69492 58.4746 -5.05381
 4.78814 58.4746 -5.03462
 4.88136 58.4746 -5.01542
 4.97458 58.4746 -4.99623
 5.0678 58.4746 -4.97703
 5.16102 58.4746 -4.95783
 5.25424 58.4746 -4.93864
 5.34746 58.4746 -4.91944
 5.44068 58.4746 -4.90024
 5.5339 58.4746 -4.88105
 5.62712 58.4746 -4.86185
 5.72034 58.4746 -4.84266
 5.81356 58.4746 -4.82346
 5.90678 58.4746 -4.80426
 6 58.4746 -4.78507
 0.5 60.1356 -5.92048
 0.59322 60.1356 -5.90182
 0.686441 60.1356 -5.88315
 0.779661 60.1356 -5.86449
 0.872881 60.1356 -5.84582
 0.966102 60.1356 -5.82715
 1.05932 60.1356 -5.80849
 1.15254 60.1356 -5.78982
 1.24576 60.1356 -5.77116
 1.33898 60.1356 -5.75249
 1.4322 60.1356 -5.73382
 1.52542 60.1356 -5.71516
 1.61864 60.1356 -5.69649
 1.71186 60.1356 -5.67783
 1.80508 60.1356 -5.65916
 1.89831 60.1356 -5.64049
 1.99153 60.1356 -5.62183
 2.08475 60.1356 -5.60316
 2.17797 60.1356 -5.5845
 2.27119 60.1356 -5.56583
 2.36441 60.1356 -5.54716
 2.45763 60.1356 -5.5285
 2.55085 60.1356 -5.50983
 2.64407 60.1356 -5.49117
 2.73729 60.1356 -5.4725
 2.83051 60.1356 -5.45384
 2.92373 60.1356 -5.43517
 3.01695 60.1356 -5.4165
 3.11017 60.1356 -5.39784
 3.20339 60.1356 -5.37917
 3.29661 60.1356 -5.36051
 3.38983 60.1356 -5.34184
 3.48305 60.1356 -5.32317
 3.57627 60.1356 -5.30451
 3.66949 60.1356 -5.28584
 3.76271 60.1356 -5.26718
 3.85593 60.1356 -5.24851
 3.94915 60.1356 -5.22984
 4.04237 60.1356 -5.21118
 4.13559 60.1356 -5.19251
 4.22881 60.1356 -5.17385
 4.32203 60.1356 -5.15518
 4.41525 60.1356 -5.13652
 4.50847 60.1356 -5.11785
 4.60169 60.1356 -5.09918
 4.69492 60.1356 -5.08052
 4.78814 60.1356 -5.06185
 4.88136 60.1356 -5.04319
 4.97458 60.1356 -5.02452
 5.0678 60.1356 -5.00585
 5.16102 60.1356 -4.98719
 5.25424 60.1356 -4.96852
 5.34746 60.1356 -4.94986
 5.44068 60.1356 -4.93119
 5.5339 60.1356 -4.91252
 5.62712 60.1356 -4.89386
 5.72034 60.1356 -4.87519
 5.81356 60.1356 -4.85653
 5.90678 60.1356 -4.83786
 6 60.1356 -4.81919
 0.5 61.7966 -5.92317
 0.59322 61.7966 -5.90501
 0.686441 61.7966 -5.88685
 0.779661 61.7966 -5.86868
 0.872881 61.7966 -5.85052
 0.966102 61.7966 -5.83235
 1.05932 61.7966 -5.81419
 1.15254 61.7966 -5.79602
 1.24576 61.7966 -5.77786
 1.33898 61.7966 -5.7597
 1.4322 61.7966 -5.74153
 1.52542 61.7966 -5.72337
 1.61864 61.7966 -5.7052
 1.71186 61.7966 -5.68704
 1.80508 61.7966 -5.66888
 1.89831 61.7966 -5.65071
 1.99153 61.7966 -5.63255
 2.08475 61.7966 -5.61438
 2.17797 61.7966 -5.59622
 2.27119 61.7966 -5.57805
 2.36441 61.7966 -5.55989
 2.45763 61.7966 -5.54173
 2.55085 61.7966 -5.52356
 2.64407 61.7966 -5.5054
 2.73729 61.7966 -5.48723
 2.83051 61.7966 -5.46907
 2.92373 61.7966 -5.45091
 3.01695 61.7966 -5.43274
 3.11017 61.7966 -5.41458
 3.20339 61.7966 -5.39641
 3.29661 61.7966 -5.37825
 3.38983 61.7966 -5.36008
 3.48305 61.7966 -5.34192
 3.57627 61.7966 -5.32376
 3.66949 61.7966 -5.30559
 3.76271 61.7966 -5.28743
 3.85593 61.7966 -5.26926
 3.94915 61.7966 -5.2511
 4.04237 61.7966 -5.23294
 4.13559 61.7966 -5.21477
 4.22881 61.7966 -5.19661
 4.32203 61.7966 -5.17844
 4.41525 61.7966 -5.16028
 4.50847 61.7966 -5.14211
 4.60169 61.7966 -5.12395
 4.69492 61.7966 -5.10579
 4.78814 61.7966 -5.08762
 4.88136 61.7966 -5.06946
 4.97458 61.7966 -5.05129
 5.0678 61.7966 -5.03313
 5.16102 61.7966 -5.01496
 5.25424 61.7966 -4.9968
 5.34746 61.7966 -4.97864
 5.44068 61.7966 -4.96047
 5.5339 61.7966 -4.94231
 5.62712 61.7966 -4.92414
 5.72034 61.7966 -4.90598
 5.81356 61.7966 -4.88782
 5.90678 61.7966 -4.86965
 6 61.7966 -4.85149
 0.5 63.4576 -5.92572
 0.59322 63.4576 -5.90804
 0.686441 63.4576 -5.89035
 0.779661 63.4576 -5.87266
 0.872881 63.4576 -5.85497
 0.966102 63.4576 -5.83728
 1.05932 63.4576 -5.81959
 1.15254 63.4576 -5.8019
 1.24576 63.4576 -5.78421
 1.33898 63.4576 -5.76653
 1.4322 63.4576 -5.74884
 1.52542 63.4576 -5.73115
 1.61864 63.4576 -5.71346
 1.71186 63.4576 -5.69577
 1.80508 63.4576 -5.67808
 1.89831 63.4576 -5.66039
 1.99153 63.4576 -5.6427
 2.08475 63.4576 -5.62502
 2.17797 63.4576 -5.60733
 2.27119 63.4576 -5.58964
 2.36441 63.4576 -5.57195
 2.45763 63.4576 -5.55426
 2.55085 63.4576 -5.53657
 2.64407 63.4576 -5.51888
 2.73729 63.4576 -5.50119
 2.83051 63.4576 -5.48351
 2.92373 63.4576 -5.46582
 3.01695 63.4576 -5.44813
 3.11017 63.4576 -5.43044
 3.20339 63.4576 -5.41275
 3.29661 63.4576 -5.39506
 3.38983 63.4576 -5.37737
 3.48305 63.4576 -5.35968
 3.57627 63.4576 -5.342
 3.66949 63.4576 -5.32431
 3.76271 63.4576 -5.30662
 3.85593 63.4576 -5.28893
 3.94915 63.4576 -5.27124
 4.04237 63.4576 -5.25355
 4.13559 63.4576 -5.23586
 4.22881 63.4576 -5.21817
 4.32203 63.4576 -5.20049
 4.41525 63.4576 -5.1828
 4.50847 63.4576 -5.16511
 4.60169 63.4576 -5.14742
 4.69492 63.4576 -5.12973
 4.78814 63.4576 -5.11204
 4.88136 63.4576 -5.09435
 4.97458 63.4576 -5.07667
 5.0678 63.4576 -5.05898
 5.16102 63.4576 -5.04129
 5.25424 63.4576 -5.0236
 5.34746 63.4576 -5.00591
 5.44068 63.4576 -4.98822
 5.5339 63.4576 -4.97053
 5.62712 63.4576 -4.95284
 5.72034 63.4576 -4.93516
 5.81356 63.4576 -4.91747
 5.90678 63.4576 -4.89978
 6 63.4576 -4.88209
 0.5 65.1186 -5.92814
 0.59322 65.1186 -5.91091
 0.686441 65.1186 -5.89367
 0.779661 65.1186 -5.87643
 0.872881 65.1186 -5.85919
 0.966102 65.1186 -5.84196
 1.05932 65.1186 -5.82472
 1.15254 65.1186 -5.80748
 1.24576 65.1186 -5.79024
 1.33898 65.1186 -5.77301
 1.4322 65.1186 -5.75577
 1.52542 65.1186 -5.73853
 1.61864 65.1186 -5.72129
 1.71186 65.1186 -5.70406
 1.80508 65.1186 -5.68682
 1.89831 65.1186 -5.66958
 1.99153 65.1186 -5.65234
 2.08475 65.1186 -5.63511
 2.17797 65.1186 -5.61787
 2.27119 65.1186 -5.60063
 2.36441 65.1186 -5.58339
 2.45763 65.1186 -5.56616
 2.55085 65.1186 -5.54892
 2.64407 65.1186 -5.53168
 2.73729 65.1186 -5.51444
 2.83051 65.1186 -5.49721
 2.92373 65.1186 -5.47997
 3.01695 65.1186 -5.46273
 3.11017 65.1186 -5.44549
 3.20339 65.1186 -5.42826
 3.29661 65.1186 -5.41102
 3.38983 65.1186 -5.39378
 3.48305 65.1186 -5.37654
 3.57627 65.1186 -5.35931
 3.66949 65.1186 -5.34207
 3.76271 65.1186 -5.32483
 3.85593 65.1186 -5.30759
 3.94915 65.1186 -5.29036
 4.04237 65.1186 -5.27312
 4.13559 65.1186 -5.25588
 4.22881 65.1186 -5.23864
 4.32203 65.1186 -5.22141
 4.41525 65.1186 -5.20417
 4.50847 65.1186 -5.18693
 4.60169 65.1186 -5.16969
 4.69492 65.1186 -5.15246
 4.78814 65.1186 -5.13522
 4.88136 65.1186 -5.11798
 4.97458 65.1186 -5.10074
 5.0678 65.1186 -5.0835
 5.16102 65.1186 -5.06627
 5.25424 65.1186 -5.04903
 5.34746 65.1186 -5.03179
 5.44068 65.1186 -5.01455
 5.5339 65.1186 -4.99732
 5.62712 65.1186 -4.98008
 5.72034 65.1186 -4.96284
 5.81356 65.1186 -4.9456
 5.90678 65.1186 -4.92837
 6 65.1186 -4.91113
 0.5 66.7797 -5.93044
 0.59322 66.7797 -5.91363
 0.686441 66.7797 -5.89683
 0.779661 66.7797 -5.88002
 0.872881 66.7797 -5.86321
 0.966102 66.7797 -5.8464
 1.05932 66.7797 -5.82959
 1.15254 66.7797 -5.81278
 1.24576 66.7797 -5.79597
 1.33898 66.7797 -5.77916
 1.4322 66.7797 -5.76236
 1.52542 66.7797 -5.74555
 1.61864 66.7797 -5.72874
 1.71186 66.7797 -5.71193
 1.80508 66.7797 -5.69512
 1.89831 66.7797 -5.67831
 1.99153 66.7797 -5.6615
 2.08475 66.7797 -5.64469
 2.17797 66.7797 -5.62789
 2.27119 66.7797 -5.61108
 2.36441 66.7797 -5.59427
 2.45763 66.7797 -5.57746
 2.55085 66.7797 -5.56065
 2.64407 66.7797 -5.54384
 2.73729 66.7797 -5.52703
 2.83051 66.7797 -5.51022
 2.92373 66.7797 -5.49342
 3.01695 66.7797 -5.47661
 3.11017 66.7797 -5.4598
 3.20339 66.7797 -5.44299
 3.29661 66.7797 -5.42618
 3.38983 66.7797 -5.40937
 3.48305 66.7797 -5.39256
 3.57627 66.7797 -5.37575
 3.66949 66.7797 -5.35895
 3.76271 66.7797 -5.34214
 3.85593 66.7797 -5.32533
 3.94915 66.7797 -5.30852
 4.04237 66.7797 -5.29171
 4.13559 66.7797 -5.2749
 4.22881 66.7797 -5.25809
 4.32203 66.7797 -5.24128
 4.41525 66.7797 -5.22447
 4.50847 66.7797 -5.20767
 4.60169 66.7797 -5.19086
 4.69492 66.7797 -5.17405
 4.78814 66.7797 -5.15724
 4.88136 66.7797 -5.14043
 4.97458 66.7797 -5.12362
 5.0678 66.7797 -5.10681
 5.16102 66.7797 -5.09
 5.25424 66.7797 -5.0732
 5.34746 66.7797 -5.05639
 5.44068 66.7797 -5.03958
 5.5339 66.7797 -5.02277
 5.62712 66.7797 -5.00596
 5.72034 66.7797 -4.98915
 5.81356 66.7797 -4.97234
 5.90678 66.7797 -4.95553
 6 66.7797 -4.93873
 0.5 68.4407 -5.93263
 0.59322 68.4407 -5.91623
 0.686441 68.4407 -5.89983
 0.779661 68.4407 -5.88343
 0.872881 68.4407 -5.86703
 0.966102 68.4407 -5.85063
 1.05932 68.4407 -5.83423
 1.15254 68.4407 -5.81783
 1.24576 68.4407 -5.80143
 1.33898 68.4407 -5.78502
 1.4322 68.4407 -5.76862
 1.52542 68.4407 -5.75222
 1.61864 68.4407 -5.73582
 1.71186 68.4407 -5.71942
 1.80508 68.4407 -5.70302
 1.89831 68.4407 -5.68662
 1.99153 68.4407 -5.67022
 2.08475 68.4407 -5.65382
 2.17797 68.4407 -5.63742
 2.27119 68.4407 -5.62102
 2.36441 68.4407 -5.60461
 2.45763 68.4407 -5.58821
 2.55085 68.4407 -5.57181
 2.64407 68.4407 -5.55541
 2.73729 68.4407 -5.53901
 2.83051 68.4407 -5.52261
 2.92373 68.4407 -5.50621
 3.01695 68.4407 -5.48981
 3.11017 68.4407 -5.47341
 3.20339 68.4407 -5.45701
 3.29661 68.4407 -5.44061
 3.38983 68.4407 -5.42421
 3.48305 68.4407 -5.4078
 3.57627 68.4407 -5.3914
 3.66949 68.4407 -5.375
 3.76271 68.4407 -5.3586
 3.85593 68.4407 -5.3422
 3.94915 68.4407 -5.3258
 4.04237 68.4407 -5.3094
 4.13559 68.4407 -5.293
 4.22881 68.4407 -5.2766
 4.32203 68.4407 -5.2602
 4.41525 68.4407 -5.2438
 4.50847 68.4407 -5.2274
 4.60169 68.4407 -5.21099
 4.69492 68.4407 -5.19459
 4.78814 68.4407 -5.17819
 4.88136 68.4407 -5.16179
 4.97458 68.4407 -5.14539
 5.0678 68.4407 -5.12899
 5.16102 68.4407 -5.11259
 5.25424 68.4407 -5.09619
 5.34746 68.4407 -5.07979
 5.44068 68.4407 -5.06339
 5.5339 68.4407 -5.04699
 5.62712 68.4407 -5.03059
 5.72034 68.4407 -5.01418
 5.81356 68.4407 -4.99778
 5.90678 68.4407 -4.98138
 6 68.4407 -4.96498
 0.5 70.1017 -5.93472
 0.59322 70.1017 -5.9187
 0.686441 70.1017 -5.90269
 0.779661 70.1017 -5.88668
 0.872881 70.1017 -5.87067
 0.966102 70.1017 -5.85465
 1.05932 70.1017 -5.83864
 1.15254 70.1017 -5.82263
 1.24576 70.1017 -5.80662
 1.33898 70.1017 -5.79061
 1.4322 70.1017 -5.77459
 1.52542 70.1017 -5.75858
 1.61864 70.1017 -5.74257
 1.71186 70.1017 -5.72656
 1.80508 70.1017 -5.71054
 1.89831 70.1017 -5.69453
 1.99153 70.1017 -5.67852
 2.08475 70.1017 -5.66251
 2.17797 70.1017 -5.6465
 2.27119 70.1017 -5.63048
 2.36441 70.1017 -5.61447
 2.45763 70.1017 -5.59846
 2.55085 70.1017 -5.58245
 2.64407 70.1017 -5.56643
 2.73729 70.1017 -5.55042
 2.83051 70.1017 -5.53441
 2.92373 70.1017 -5.5184
 3.01695 70.1017 -5.50239
 3.11017 70.1017 -5.48637
 3.20339 70.1017 -5.47036
 3.29661 70.1017 -5.45435
 3.38983 70.1017 -5.43834
 3.48305 70.1017 -5.42232
 3.57627 70.1017 -5.40631
 3.66949 70.1017 -5.3903
 3.76271 70.1017 -5.37429
 3.85593 70.1017 -5.35828
 3.94915 70.1017 -5.34226
 4.04237 70.1017 -5.32625
 4.13559 70.1017 -5.31024
 4.22881 70.1017 -5.29423
 4.32203 70.1017 -5.27821
 4.41525 70.1017 -5.2622
 4.50847 70.1017 -5.24619
 4.60169 70.1017 -5.23018
 4.69492 70.1017 -5.21417
 4.78814 70.1017 -5.19815
 4.88136 70.1017 -5.18214
 4.97458 70.1017 -5.16613
 5.0678 70.1017 -5.15012
 5.16102 70.1017 -5.1341
 5.25424 70.1017 -5.11809
 5.34746 70.1017 -5.10208
 5.44068 70.1017 -5.08607
 5.5339 70.1017 -5.07006
 5.62712 70.1017 -5.05404
 5.72034 70.1017 -5.03803
 5.81356 70.1017 -5.02202
 5.90678 70.1017 -5.00601
 6 70.1017 -4.98999
 0.5 71.7627 -5.9367
 0.59322 71.7627 -5.92106
 0.686441 71.7627 -5.90542
 0.779661 71.7627 -5.88978
 0.872881 71.7627 -5.87414
 0.966102 71.7627 -5.8585
 1.05932 71.7627 -5.84285
 1.15254 71.7627 -5.82721
 1.24576 71.7627 -5.81157
 1.33898 71.7627 -5.79593
 1.4322 71.7627 -5.78029
 1.52542 71.7627 -5.76465
 1.61864 71.7627 -5.749
 1.71186 71.7627 -5.73336
 1.80508 71.7627 -5.71772
 1.89831 71.7627 -5.70208
 1.99153 71.7627 -5.68644
 2.08475 71.7627 -5.6708
 2.17797 71.7627 -5.65515
 2.27119 71.7627 -5.63951
 2.36441 71.7627 -5.62387
 2.45763 71.7627 -5.60823
 2.55085 71.7627 -5.59259
 2.64407 71.7627 -5.57695
 2.73729 71.7627 -5.56131
 2.83051 71.7627 -5.54566
 2.92373 71.7627 -5.53002
 3.01695 71.7627 -5.51438
 3.11017 71.7627 -5.49874
 3.20339 71.7627 -5.4831
 3.29661 71.7627 -5.46746
 3.38983 71.7627 -5.45181
 3.48305 71.7627 -5.43617
 3.57627 71.7627 -5.42053
 3.66949 71.7627 -5.40489
 3.76271 71.7627 -5.38925
 3.85593 71.7627 -5.37361
 3.94915 71.7627 -5.35796
 4.04237 71.7627 -5.34232
 4.13559 71.7627 -5.32668
 4.22881 71.7627 -5.31104
 4.32203 71.7627 -5.2954
 4.41525 71.7627 -5.27976
 4.50847 71.7627 -5.26411
 4.60169 71.7627 -5.24847
 4.69492 71.7627 -5.23283
 4.78814 71.7627 -5.21719
 4.88136 71.7627 -5.20155
 4.97458 71.7627 -5.18591
 5.0678 71.7627 -5.17026
 5.16102 71.7627 -5.15462
 5.25424 71.7627 -5.13898
 5.34746 71.7627 -5.12334
 5.44068 71.7627 -5.1077
 5.5339 71.7627 -5.09206
 5.62712 71.7627 -5.07642
 5.72034 71.7627 -5.06077
 5.81356 71.7627 -5.04513
 5.90678 71.7627 -5.02949
 6 71.7627 -5.01385
 0.5 73.4237 -5.9386
 0.59322 73.4237 -5.92331
 0.686441 73.4237 -5.90803
 0.779661 73.4237 -5.89274
 0.872881 73.4237 -5.87745
 0.966102 73.4237 -5.86216
 1.05932 73.4237 -5.84688
 1.15254 73.4237 -5.83159
 1.24576 73.4237 -5.8163
 1.33898 73.4237 -5.80101
 1.4322 73.4237 -5.78572
 1.52542 73.4237 -5.77044
 1.61864 73.4237 -5.75515
 1.71186 73.4237 -5.73986
 1.80508 73.4237 -5.72457
 1.89831 73.4237 -5.70929
 1.99153 73.4237 -5.694
 2.08475 73.4237 -5.67871
 2.17797 73.4237 -5.66342
 2.27119 73.4237 -5.64813
 2.36441 73.4237 -5.63285
 2.45763 73.4237 -5.61756
 2.55085 73.4237 -5.60227
 2.64407 73.4237 -5.58698
 2.73729 73.4237 -5.5717
 2.83051 73.4237 -5.55641
 2.92373 73.4237 -5.54112
 3.01695 73.4237 -5.52583
 3.11017 73.4237 -5.51054
 3.20339 73.4237 -5.49526
 3.29661 73.4237 -5.47997
 3.38983 73.4237 -5.46468
 3.48305 73.4237 -5.44939
 3.57627 73.4237 -5.43411
 3.66949 73.4237 -5.41882
 3.76271 73.4237 -5.40353
 3.85593 73.4237 -5.38824
 3.94915 73.4237 -5.37295
 4.04237 73.4237 -5.35767
 4.13559 73.4237 -5.34238
 4.22881 73.4237 -5.32709
 4.32203 73.4237 -5.3118
 4.41525 73.4237 -5.29652
 4.50847 73.4237 -5.28123
 4.60169 73.4237 -5.26594
 4.69492 73.4237 -5.25065
 4.78814 73.4237 -5.23536
 4.88136 73.4237 -5.22008
 4.97458 73.4237 -5.20479
 5.0678 73.4237 -5.1895
 5.16102 73.4237 -5.17421
 5.25424 73.4237 -5.15893
 5.34746 73.4237 -5.14364
 5.44068 73.4237 -5.12835
 5.5339 73.4237 -5.11306
 5.62712 73.4237 -5.09777
 5.72034 73.4237 -5.08249
 5.81356 73.4237 -5.0672
 5.90678 73.4237 -5.05191
 6 73.4237 -5.03662
 0.5 75.0847 -5.94042
 0.59322 75.0847 -5.92547
 0.686441 75.0847 -5.91052
 0.779661 75.0847 -5.89557
 0.872881 75.0847 -5.88062
 0.966102 75.0847 -5.86567
 1.05932 75.0847 -5.85072
 1.15254 75.0847 -5.83577
 1.24576 75.0847 -5.82082
 1.33898 75.0847 -5.80587
 1.4322 75.0847 -5.79092
 1.52542 75.0847 -5.77597
 1.61864 75.0847 -5.76102
 1.71186 75.0847 -5.74607
 1.80508 75.0847 -5.73112
 1.89831 75.0847 -5.71617
 1.99153 75.0847 -5.70122
 2.08475 75.0847 -5.68627
 2.17797 75.0847 -5.67132
 2.27119 75.0847 -5.65637
 2.36441 75.0847 -5.64142
 2.45763 75.0847 -5.62647
 2.55085 75.0847 -5.61153
 2.64407 75.0847 -5.59658
 2.73729 75.0847 -5.58163
 2.83051 75.0847 -5.56668
 2.92373 75.0847 -5.55173
 3.01695 75.0847 -5.53678
 3.11017 75.0847 -5.52183
 3.20339 75.0847 -5.50688
 3.29661 75.0847 -5.49193
 3.38983 75.0847 -5.47698
 3.48305 75.0847 -5.46203
 3.57627 75.0847 -5.44708
 3.66949 75.0847 -5.43213
 3.76271 75.0847 -5.41718
 3.85593 75.0847 -5.40223
 3.94915 75.0847 -5.38728
 4.04237 75.0847 -5.37233
 4.13559 75.0847 -5.35738
 4.22881 75.0847 -5.34243
 4.32203 75.0847 -5.32748
 4.41525 75.0847 -5.31253
 4.50847 75.0847 -5.29758
 4.60169 75.0847 -5.28263
 4.69492 75.0847 -5.26769
 4.78814 75.0847 -5.25274
 4.88136 75.0847 -5.23779
 4.97458 75.0847 -5.22284
 5.0678 75.0847 -5.20789
 5.16102 75.0847 -5.19294
 5.25424 75.0847 -5.17799
 5.34746 75.0847 -5.16304
 5.44068 75.0847 -5.14809
 5.5339 75.0847 -5.13314
 5.62712 75.0847 -5.11819
 5.72034 75.0847 -5.10324
 5.81356 75.0847 -5.08829
 5.90678 75.0847 -5.07334
 6 75.0847 -5.05839
 0.5 76.7458 -5.94215
 0.59322 76.7458 -5.92753
 0.686441 76.7458 -5.9129
 0.779661 76.7458 -5.89827
 0.872881 76.7458 -5.88365
 0.966102 76.7458 -5.86902
 1.05932 76.7458 -5.8544
 1.15254 76.7458 -5.83977
 1.24576 76.7458 -5.82514
 1.33898 76.7458 -5.81052
 1.4322 76.7458 -5.79589
 1.52542 76.7458 -5.78127
 1.61864 76.7458 -5.76664
 1.71186 76.7458 -5.75201
 1.80508 76.7458 -5.73739
 1.89831 76.7458 -5.72276
 1.99153 76.7458 -5.70814
 2.08475 76.7458 -5.69351
 2.17797 76.7458 -5.67888
 2.27119 76.7458 -5.66426
 2.36441 76.7458 -5.64963
 2.45763 76.7458 -5.635
 2.55085 76.7458 -5.62038
 2.64407 76.7458 -5.60575
 2.73729 76.7458 -5.59113
 2.83051 76.7458 -5.5765
 2.92373 76.7458 -5.56187
 3.01695 76.7458 -5.54725
 3.11017 76.7458 -5.53262
 3.20339 76.7458 -5.518
 3.29661 76.7458 -5.50337
 3.38983 76.7458 -5.48874
 3.48305 76.7458 -5.47412
 3.57627 76.7458 -5.45949
 3.66949 76.7458 -5.44487
 3.76271 76.7458 -5.43024
 3.85593 76.7458 -5.41561
 3.94915 76.7458 -5.40099
 4.04237 76.7458 -5.38636
 4.13559 76.7458 -5.37174
 4.22881 76.7458 -5.35711
 4.32203 76.7458 -5.34248
 4.41525 76.7458 -5.32786
 4.50847 76.7458 -5.31323
 4.60169 76.7458 -5.29861
 4.69492 76.7458 -5.28398
 4.78814 76.7458 -5.26935
 4.88136 76.7458 -5.25473
 4.97458 76.7458 -5.2401
 5.0678 76.7458 -5.22548
 5.16102 76.7458 -5.21085
 5.25424 76.7458 -5.19622
 5.34746 76.7458 -5.1816
 5.44068 76.7458 -5.16697
 5.5339 76.7458 -5.15235
 5.62712 76.7458 -5.13772
 5.72034 76.7458 -5.12309
 5.81356 76.7458 -5.10847
 5.90678 76.7458 -5.09384
 6 76.7458 -5.07922
 0.5 78.4068 -5.94381
 0.59322 78.4068 -5.9295
 0.686441 78.4068 -5.91518
 0.779661 78.4068 -5.90086
 0.872881 78.4068 -5.88655
 0.966102 78.4068 -5.87223
 1.05932 78.4068 -5.85792
 1.15254 78.4068 -5.8436
 1.24576 78.4068 -5.82928
 1.33898 78.4068 -5.81497
 1.4322 78.4068 -5.80065
 1.52542 78.4068 -5.78634
 1.61864 78.4068 -5.77202
 1.71186 78.4068 -5.7577
 1.80508 78.4068 -5.74339
 1.89831 78.4068 -5.72907
 1.99153 78.4068 -5.71475
 2.08475 78.4068 -5.70044
 2.17797 78.4068 -5.68612
 2.27119 78.4068 -5.67181
 2.36441 78.4068 -5.65749
 2.45763 78.4068 -5.64317
 2.55085 78.4068 -5.62886
 2.64407 78.4068 -5.61454
 2.73729 78.4068 -5.60023
 2.83051 78.4068 -5.58591
 2.92373 78.4068 -5.57159
 3.01695 78.4068 -5.55728
 3.11017 78.4068 -5.54296
 3.20339 78.4068 -5.52864
 3.29661 78.4068 -5.51433
 3.38983 78.4068 -5.50001
 3.48305 78.4068 -5.4857
 3.57627 78.4068 -5.47138
 3.66949 78.4068 -5.45706
 3.76271 78.4068 -5.44275
 3.85593 78.4068 -5.42843
 3.94915 78.4068 -5.41411
 4.04237 78.4068 -5.3998
 4.13559 78.4068 -5.38548
 4.22881 78.4068 -5.37117
 4.32203 78.4068 -5.35685
 4.41525 78.4068 -5.34253
 4.50847 78.4068 -5.32822
 4.60169 78.4068 -5.3139
 4.69492 78.4068 -5.29959
 4.78814 78.4068 -5.28527
 4.88136 78.4068 -5.27095
 4.97458 78.4068 -5.25664
 5.0678 78.4068 -5.24232
 5.16102 78.4068 -5.228
 5.25424 78.4068 -5.21369
 5.34746 78.4068 -5.19937
 5.44068 78.4068 -5.18506
 5.5339 78.4068 -5.17074
 5.62712 78.4068 -5.15642
 5.72034 78.4068 -5.14211
 5.81356 78.4068 -5.12779
 5.90678 78.4068 -5.11348
 6 78.4068 -5.09916
 0.5 80.0678 -5.94541
 0.59322 80.0678 -5.93139
 0.686441 80.0678 -5.91737
 0.779661 80.0678 -5.90335
 0.872881 80.0678 -5.88933
 0.966102 80.0678 -5.87531
 1.05932 80.0678 -5.86129
 1.15254 80.0678 -5.84727
 1.24576 80.0678 -5.83325
 1.33898 80.0678 -5.81923
 1.4322 80.0678 -5.80521
 1.52542 80.0678 -5.7912
 1.61864 80.0678 -5.77718
 1.71186 80.0678 -5.76316
 1.80508 80.0678 -5.74914
 1.89831 80.0678 -5.73512
 1.99153 80.0678 -5.7211
 2.08475 80.0678 -5.70708
 2.17797 80.0678 -5.69306
 2.27119 80.0678 -5.67904
 2.36441 80.0678 -5.66502
 2.45763 80.0678 -5.651
 2.55085 80.0678 -5.63698
 2.64407 80.0678 -5.62297
 2.73729 80.0678 -5.60895
 2.83051 80.0678 -5.59493
 2.92373 80.0678 -5.58091
 3.01695 80.0678 -5.56689
 3.11017 80.0678 -5.55287
 3.20339 80.0678 -5.53885
 3.29661 80.0678 -5.52483
 3.38983 80.0678 -5.51081
 3.48305 80.0678 -5.49679
 3.57627 80.0678 -5.48277
 3.66949 80.0678 -5.46875
 3.76271 80.0678 -5.45473
 3.85593 80.0678 -5.44072
 3.94915 80.0678 -5.4267
 4.04237 80.0678 -5.41268
 4.13559 80.0678 -5.39866
 4.22881 80.0678 -5.38464
 4.32203 80.0678 -5.37062
 4.41525 80.0678 -5.3566
 4.50847 80.0678 -5.34258
 4.60169 80.0678 -5.32856
 4.69492 80.0678 -5.31454
 4.78814 80.0678 -5.30052
 4.88136 80.0678 -5.2865
 4.97458 80.0678 -5.27249
 5.0678 80.0678 -5.25847
 5.16102 80.0678 -5.24445
 5.25424 80.0678 -5.23043
 5.34746 80.0678 -5.21641
 5.44068 80.0678 -5.20239
 5.5339 80.0678 -5.18837
 5.62712 80.0678 -5.17435
 5.72034 80.0678 -5.16033
 5.81356 80.0678 -5.14631
 5.90678 80.0678 -5.13229
 6 80.0678 -5.11827
 0.5 81.7288 -5.94693
 0.59322 81.7288 -5.9332
 0.686441 81.7288 -5.91947
 0.779661 81.7288 -5.90573
 0.872881 81.7288 -5.892
 0.966102 81.7288 -5.87826
 1.05932 81.7288 -5.86453
 1.15254 81.7288 -5.85079
 1.24576 81.7288 -5.83706
 1.33898 81.7288 -5.82333
 1.4322 81.7288 -5.80959
 1.52542 81.7288 -5.79586
 1.61864 81.7288 -5.78212
 1.71186 81.7288 -5.76839
 1.80508 81.7288 -5.75465
 1.89831 81.7288 -5.74092
 1.99153 81.7288 -5.72719
 2.08475 81.7288 -5.71345
 2.17797 81.7288 -5.69972
 2.27119 81.7288 -5.68598
 2.36441 81.7288 -5.67225
 2.45763 81.7288 -5.65851
 2.55085 81.7288 -5.64478
 2.64407 81.7288 -5.63105
 2.73729 81.7288 -5.61731
 2.83051 81.7288 -5.60358
 2.92373 81.7288 -5.58984
 3.01695 81.7288 -5.57611
 3.11017 81.7288 -5.56238
 3.20339 81.7288 -5.54864
 3.29661 81.7288 -5.53491
 3.38983 81.7288 -5.52117
 3.48305 81.7288 -5.50744
 3.57627 81.7288 -5.4937
 3.66949 81.7288 -5.47997
 3.76271 81.7288 -5.46624
 3.85593 81.7288 -5.4525
 3.94915 81.7288 -5.43877
 4.04237 81.7288 -5.42503
 4.13559 81.7288 -5.4113
 4.22881 81.7288 -5.39756
 4.32203 81.7288 -5.38383
 4.41525 81.7288 -5.3701
 4.50847 81.7288 -5.35636
 4.60169 81.7288 -5.34263
 4.69492 81.7288 -5.32889
 4.78814 81.7288 -5.31516
 4.88136 81.7288 -5.30142
 4.97458 81.7288 -5.28769
 5.0678 81.7288 -5.27396
 5.16102 81.7288 -5.26022
 5.25424 81.7288 -5.24649
 5.34746 81.7288 -5.23275
 5.44068 81.7288 -5.21902
 5.5339 81.7288 -5.20528
 5.62712 81.7288 -5.19155
 5.72034 81.7288 -5.17782
 5.81356 81.7288 -5.16408
 5.90678 81.7288 -5.15035
 6 81.7288 -5.13661
 0.5 83.3898 -5.9484
 0.59322 83.3898 -5.93494
 0.686441 83.3898 -5.92148
 0.779661 83.3898 -5.90802
 0.872881 83.3898 -5.89456
 0.966102 83.3898 -5.8811
 1.05932 83.3898 -5.86764
 1.15254 83.3898 -5.85418
 1.24576 83.3898 -5.84072
 1.33898 83.3898 -5.82726
 1.4322 83.3898 -5.81379
 1.52542 83.3898 -5.80033
 1.61864 83.3898 -5.78687
 1.71186 83.3898 -5.77341
 1.80508 83.3898 -5.75995
 1.89831 83.3898 -5.74649
 1.99153 83.3898 -5.73303
 2.08475 83.3898 -5.71957
 2.17797 83.3898 -5.70611
 2.27119 83.3898 -5.69265
 2.36441 83.3898 -5.67919
 2.45763 83.3898 -5.66573
 2.55085 83.3898 -5.65227
 2.64407 83.3898 -5.63881
 2.73729 83.3898 -5.62535
 2.83051 83.3898 -5.61188
 2.92373 83.3898 -5.59842
 3.01695 83.3898 -5.58496
 3.11017 83.3898 -5.5715
 3.20339 83.3898 -5.55804
 3.29661 83.3898 -5.54458
 3.38983 83.3898 -5.53112
 3.48305 83.3898 -5.51766
 3.57627 83.3898 -5.5042
 3.66949 83.3898 -5.49074
 3.76271 83.3898 -5.47728
 3.85593 83.3898 -5.46382
 3.94915 83.3898 -5.45036
 4.04237 83.3898 -5.4369
 4.13559 83.3898 -5.42343
 4.22881 83.3898 -5.40997
 4.32203 83.3898 -5.39651
 4.41525 83.3898 -5.38305
 4.50847 83.3898 -5.36959
 4.60169 83.3898 -5.35613
 4.69492 83.3898 -5.34267
 4.78814 83.3898 -5.32921
 4.88136 83.3898 -5.31575
 4.97458 83.3898 -5.30229
 5.0678 83.3898 -5.28883
 5.16102 83.3898 -5.27537
 5.25424 83.3898 -5.26191
 5.34746 83.3898 -5.24845
 5.44068 83.3898 -5.23499
 5.5339 83.3898 -5.22152
 5.62712 83.3898 -5.20806
 5.72034 83.3898 -5.1946
 5.81356 83.3898 -5.18114
 5.90678 83.3898 -5.16768
 6 83.3898 -5.15422
 0.5 85.0508 -5.94981
 0.59322 85.0508 -5.93661
 0.686441 85.0508 -5.92342
 0.779661 85.0508 -5.91022
 0.872881 85.0508 -5.89702
 0.966102 85.0508 -5.88382
 1.05932 85.0508 -5.87062
 1.15254 85.0508 -5.85743
 1.24576 85.0508 -5.84423
 1.33898 85.0508 -5.83103
 1.4322 85.0508 -5.81783
 1.52542 85.0508 -5.80464
 1.61864 85.0508 -5.79144
 1.71186 85.0508 -5.77824
 1.80508 85.0508 -5.76504
 1.89831 85.0508 -5.75184
 1.99153 85.0508 -5.73865
 2.08475 85.0508 -5.72545
 2.17797 85.0508 -5.71225
 2.27119 85.0508 -5.69905
 2.36441 85.0508 -5.68586
 2.45763 85.0508 -5.67266
 2.55085 85.0508 -5.65946
 2.64407 85.0508 -5.64626
 2.73729 85.0508 -5.63306
 2.83051 85.0508 -5.61987
 2.92373 85.0508 -5.60667
 3.01695 85.0508 -5.59347
 3.11017 85.0508 -5.58027
 3.20339 85.0508 -5.56708
 3.29661 85.0508 -5.55388
 3.38983 85.0508 -5.54068
 3.48305 85.0508 -5.52748
 3.57627 85.0508 -5.51428
 3.66949 85.0508 -5.50109
 3.76271 85.0508 -5.48789
 3.85593 85.0508 -5.47469
 3.94915 85.0508 -5.46149
 4.04237 85.0508 -5.44829
 4.13559 85.0508 -5.4351
 4.22881 85.0508 -5.4219
 4.32203 85.0508 -5.4087
 4.41525 85.0508 -5.3955
 4.50847 85.0508 -5.38231
 4.60169 85.0508 -5.36911
 4.69492 85.0508 -5.35591
 4.78814 85.0508 -5.34271
 4.88136 85.0508 -5.32951
 4.97458 85.0508 -5.31632
 5.0678 85.0508 -5.30312
 5.16102 85.0508 -5.28992
 5.25424 85.0508 -5.27672
 5.34746 85.0508 -5.26353
 5.44068 85.0508 -5.25033
 5.5339 85.0508 -5.23713
 5.62712 85.0508 -5.22393
 5.72034 85.0508 -5.21073
 5.81356 85.0508 -5.19754
 5.90678 85.0508 -5.18434
 6 85.0508 -5.17114
 0.5 86.7119 -5.95117
 0.59322 86.7119 -5.93822
 0.686441 86.7119 -5.92528
 0.779661 86.7119 -5.91233
 0.872881 86.7119 -5.89939
 0.966102 86.7119 -5.88644
 1.05932 86.7119 -5.8735
 1.15254 86.7119 -5.86055
 1.24576 86.7119 -5.84761
 1.33898 86.7119 -5.83466
 1.4322 86.7119 -5.82172
 1.52542 86.7119 -5.80877
 1.61864 86.7119 -5.79583
 1.71186 86.7119 -5.78288
 1.80508 86.7119 -5.76994
 1.89831 86.7119 -5.75699
 1.99153 86.7119 -5.74405
 2.08475 86.7119 -5.7311
 2.17797 86.7119 -5.71816
 2.27119 86.7119 -5.70521
 2.36441 86.7119 -5.69227
 2.45763 86.7119 -5.67932
 2.55085 86.7119 -5.66638
 2.64407 86.7119 -5.65343
 2.73729 86.7119 -5.64049
 2.83051 86.7119 -5.62754
 2.92373 86.7119 -5.6146
 3.01695 86.7119 -5.60165
 3.11017 86.7119 -5.58871
 3.20339 86.7119 -5.57576
 3.29661 86.7119 -5.56282
 3.38983 86.7119 -5.54987
 3.48305 86.7119 -5.53693
 3.57627 86.7119 -5.52398
 3.66949 86.7119 -5.51104
 3.76271 86.7119 -5.49809
 3.85593 86.7119 -5.48515
 3.94915 86.7119 -5.4722
 4.04237 86.7119 -5.45926
 4.13559 86.7119 -5.44631
 4.22881 86.7119 -5.43337
 4.32203 86.7119 -5.42042
 4.41525 86.7119 -5.40748
 4.50847 86.7119 -5.39453
 4.60169 86.7119 -5.38159
 4.69492 86.7119 -5.36864
 4.78814 86.7119 -5.3557
 4.88136 86.7119 -5.34275
 4.97458 86.7119 -5.32981
 5.0678 86.7119 -5.31686
 5.16102 86.7119 -5.30392
 5.25424 86.7119 -5.29097
 5.34746 86.7119 -5.27803
 5.44068 86.7119 -5.26508
 5.5339 86.7119 -5.25214
 5.62712 86.7119 -5.23919
 5.72034 86.7119 -5.22625
 5.81356 86.7119 -5.2133
 5.90678 86.7119 -5.20036
 6 86.7119 -5.18741
 0.5 88.3729 -5.95247
 0.59322 88.3729 -5.93977
 0.686441 88.3729 -5.92707
 0.779661 88.3729 -5.91437
 0.872881 88.3729 -5.90167
 0.966102 88.3729 -5.88896
 1.05932 88.3729 -5.87626
 1.15254 88.3729 -5.86356
 1.24576 88.3729 -5.85086
 1.33898 88.3729 -5.83816
 1.4322 88.3729 -5.82546
 1.52542 88.3729 -5.81275
 1.61864 88.3729 -5.80005
 1.71186 88.3729 -5.78735
 1.80508 88.3729 -5.77465
 1.89831 88.3729 -5.76195
 1.99153 88.3729 -5.74925
 2.08475 88.3729 -5.73654
 2.17797 88.3729 -5.72384
 2.27119 88.3729 -5.71114
 2.36441 88.3729 -5.69844
 2.45763 88.3729 -5.68574
 2.55085 88.3729 -5.67304
 2.64407 88.3729 -5.66033
 2.73729 88.3729 -5.64763
 2.83051 88.3729 -5.63493
 2.92373 88.3729 -5.62223
 3.01695 88.3729 -5.60953
 3.11017 88.3729 -5.59683
 3.20339 88.3729 -5.58412
 3.29661 88.3729 -5.57142
 3.38983 88.3729 -5.55872
 3.48305 88.3729 -5.54602
 3.57627 88.3729 -5.53332
 3.66949 88.3729 -5.52062
 3.76271 88.3729 -5.50791
 3.85593 88.3729 -5.49521
 3.94915 88.3729 -5.48251
 4.04237 88.3729 -5.46981
 4.13559 88.3729 -5.45711
 4.22881 88.3729 -5.44441
 4.32203 88.3729 -5.4317
 4.41525 88.3729 -5.419
 4.50847 88.3729 -5.4063
 4.60169 88.3729 -5.3936
 4.69492 88.3729 -5.3809
 4.78814 88.3729 -5.3682
 4.88136 88.3729 -5.35549
 4.97458 88.3729 -5.34279
 5.0678 88.3729 -5.33009
 5.16102 88.3729 -5.31739
 5.25424 88.3729 -5.30469
 5.34746 88.3729 -5.29198
 5.44068 88.3729 -5.27928
 5.5339 88.3729 -5.26658
 5.62712 88.3729 -5.25388
 5.72034 88.3729 -5.24118
 5.81356 88.3729 -5.22848
 5.90678 88.3729 -5.21577
 6 88.3729 -5.20307
 0.5 90.0339 -5.95373
 0.59322 90.0339 -5.94126
 0.686441 90.0339 -5.92879
 0.779661 90.0339 -5.91633
 0.872881 90.0339 -5.90386
 0.966102 90.0339 -5.89139
 1.05932 90.0339 -5.87893
 1.15254 90.0339 -5.86646
 1.24576 90.0339 -5.85399
 1.33898 90.0339 -5.84152
 1.4322 90.0339 -5.82906
 1.52542 90.0339 -5.81659
 1.61864 90.0339 -5.80412
 1.71186 90.0339 -5.79165
 1.80508 90.0339 -5.77919
 1.89831 90.0339 -5.76672
 1.99153 90.0339 -5.75425
 2.08475 90.0339 -5.74178
 2.17797 90.0339 -5.72932
 2.27119 90.0339 -5.71685
 2.36441 90.0339 -5.70438
 2.45763 90.0339 -5.69192
 2.55085 90.0339 -5.67945
 2.64407 90.0339 -5.66698
 2.73729 90.0339 -5.65451
 2.83051 90.0339 -5.64205
 2.92373 90.0339 -5.62958
 3.01695 90.0339 -5.61711
 3.11017 90.0339 -5.60464
 3.20339 90.0339 -5.59218
 3.29661 90.0339 -5.57971
 3.38983 90.0339 -5.56724
 3.48305 90.0339 -5.55477
 3.57627 90.0339 -5.54231
 3.66949 90.0339 -5.52984
 3.76271 90.0339 -5.51737
 3.85593 90.0339 -5.5049
 3.94915 90.0339 -5.49244
 4.04237 90.0339 -5.47997
 4.13559 90.0339 -5.4675
 4.22881 90.0339 -5.45504
 4.32203 90.0339 -5.44257
 4.41525 90.0339 -5.4301
 4.50847 90.0339 -5.41763
 4.60169 90.0339 -5.40517
 4.69492 90.0339 -5.3927
 4.78814 90.0339 -5.38023
 4.88136 90.0339 -5.36776
 4.97458 90.0339 -5.3553
 5.0678 90.0339 -5.34283
 5.16102 90.0339 -5.33036
 5.25424 90.0339 -5.31789
 5.34746 90.0339 -5.30543
 5.44068 90.0339 -5.29296
 5.5339 90.0339 -5.28049
 5.62712 90.0339 -5.26802
 5.72034 90.0339 -5.25556
 5.81356 90.0339 -5.24309
 5.90678 90.0339 -5.23062
 6 90.0339 -5.21816
 0.5 91.6949 -5.95494
 0.59322 91.6949 -5.9427
 0.686441 91.6949 -5.93046
 0.779661 91.6949 -5.91822
 0.872881 91.6949 -5.90597
 0.966102 91.6949 -5.89373
 1.05932 91.6949 -5.88149
 1.15254 91.6949 -5.86925
 1.24576 91.6949 -5.85701
 1.33898 91.6949 -5.84477
 1.4322 91.6949 -5.83253
 1.52542 91.6949 -5.82028
 1.61864 91.6949 -5.80804
 1.71186 91.6949 -5.7958
 1.80508 91.6949 -5.78356
 1.89831 91.6949 -5.77132
 1.99153 91.6949 -5.75908
 2.08475 91.6949 -5.74684
 2.17797 91.6949 -5.73459
 2.27119 91.6949 -5.72235
 2.36441 91.6949 -5.71011
 2.45763 91.6949 -5.69787
 2.55085 91.6949 -5.68563
 2.64407 91.6949 -5.67339
 2.73729 91.6949 -5.66114
 2.83051 91.6949 -5.6489
 2.92373 91.6949 -5.63666
 3.01695 91.6949 -5.62442
 3.11017 91.6949 -5.61218
 3.20339 91.6949 -5.59994
 3.29661 91.6949 -5.5877
 3.38983 91.6949 -5.57545
 3.48305 91.6949 -5.56321
 3.57627 91.6949 -5.55097
 3.66949 91.6949 -5.53873
 3.76271 91.6949 -5.52649
 3.85593 91.6949 -5.51425
 3.94915 91.6949 -5.502
 4.04237 91.6949 -5.48976
 4.13559 91.6949 -5.47752
 4.22881 91.6949 -5.46528
 4.32203 91.6949 -5.45304
 4.41525 91.6949 -5.4408
 4.50847 91.6949 -5.42856
 4.60169 91.6949 -5.41631
 4.69492 91.6949 -5.40407
 4.78814 91.6949 -5.39183
 4.88136 91.6949 -5.37959
 4.97458 91.6949 -5.36735
 5.0678 91.6949 -5.35511
 5.16102 91.6949 -5.34287
 5.25424 91.6949 -5.33062
 5.34746 91.6949 -5.31838
 5.44068 91.6949 -5.30614
 5.5339 91.6949 -5.2939
 5.62712 91.6949 -5.28166
 5.72034 91.6949 -5.26942
 5.81356 91.6949 -5.25717
 5.90678 91.6949 -5.24493
 6 91.6949 -5.23269
 0.5 93.3559 -5.95611
 0.59322 93.3559 -5.94409
 0.686441 93.3559 -5.93206
 0.779661 93.3559 -5.92004
 0.872881 93.3559 -5.90801
 0.966102 93.3559 -5.89599
 1.05932 93.3559 -5.88397
 1.15254 93.3559 -5.87194
 1.24576 93.3559 -5.85992
 1.33898 93.3559 -5.8479
 1.4322 93.3559 -5.83587
 1.52542 93.3559 -5.82385
 1.61864 93.3559 -5.81182
 1.71186 93.3559 -5.7998
 1.80508 93.3559 -5.78778
 1.89831 93.3559 -5.77575
 1.99153 93.3559 -5.76373
 2.08475 93.3559 -5.75171
 2.17797 93.3559 -5.73968
 2.27119 93.3559 -5.72766
 2.36441 93.3559 -5.71563
 2.45763 93.3559 -5.70361
 2.55085 93.3559 -5.69159
 2.64407 93.3559 -5.67956
 2.73729 93.3559 -5.66754
 2.83051 93.3559 -5.65552
 2.92373 93.3559 -5.64349
 3.01695 93.3559 -5.63147
 3.11017 93.3559 -5.61945
 3.20339 93.3559 -5.60742
 3.29661 93.3559 -5.5954
 3.38983 93.3559 -5.58337
 3.48305 93.3559 -5.57135
 3.57627 93.3559 -5.55933
 3.66949 93.3559 -5.5473
 3.76271 93.3559 -5.53528
 3.85593 93.3559 -5.52326
 3.94915 93.3559 -5.51123
 4.04237 93.3559 -5.49921
 4.13559 93.3559 -5.48718
 4.22881 93.3559 -5.47516
 4.32203 93.3559 -5.46314
 4.41525 93.3559 -5.45111
 4.50847 93.3559 -5.43909
 4.60169 93.3559 -5.42707
 4.69492 93.3559 -5.41504
 4.78814 93.3559 -5.40302
 4.88136 93.3559 -5.39099
 4.97458 93.3559 -5.37897
 5.0678 93.3559 -5.36695
 5.16102 93.3559 -5.35492
 5.25424 93.3559 -5.3429
 5.34746 93.3559 -5.33088
 5.44068 93.3559 -5.31885
 5.5339 93.3559 -5.30683
 5.62712 93.3559 -5.29481
 5.72034 93.3559 -5.28278
 5.81356 93.3559 -5.27076
 5.90678 93.3559 -5.25873
 6 93.3559 -5.24671
 0.5 95.0169 -5.95724
 0.59322 95.0169 -5.94542
 0.686441 95.0169 -5.93361
 0.779661 95.0169 -5.9218
 0.872881 95.0169 -5.90998
 0.966102 95.0169 -5.89817
 1.05932 95.0169 -5.88636
 1.15254 95.0169 -5.87454
 1.24576 95.0169 -5.86273
 1.33898 95.0169 -5.85091
 1.4322 95.0169 -5.8391
 1.52542 95.0169 -5.82729
 1.61864 95.0169 -5.81547
 1.71186 95.0169 -5.80366
 1.80508 95.0169 -5.79185
 1.89831 95.0169 -5.78003
 1.99153 95.0169 -5.76822
 2.08475 95.0169 -5.75641
 2.17797 95.0169 -5.74459
 2.27119 95.0169 -5.73278
 2.36441 95.0169 -5.72097
 2.45763 95.0169 -5.70915
 2.55085 95.0169 -5.69734
 2.64407 95.0169 -5.68553
 2.73729 95.0169 -5.67371
 2.83051 95.0169 -5.6619
 2.92373 95.0169 -5.65008
 3.01695 95.0169 -5.63827
 3.11017 95.0169 -5.62646
 3.20339 95.0169 -5.61464
 3.29661 95.0169 -5.60283
 3.38983 95.0169 -5.59102
 3.48305 95.0169 -5.5792
 3.57627 95.0169 -5.56739
 3.66949 95.0169 -5.55558
 3.76271 95.0169 -5.54376
 3.85593 95.0169 -5.53195
 3.94915 95.0169 -5.52014
 4.04237 95.0169 -5.50832
 4.13559 95.0169 -5.49651
 4.22881 95.0169 -5.4847
 4.32203 95.0169 -5.47288
 4.41525 95.0169 -5.46107
 4.50847 95.0169 -5.44926
 4.60169 95.0169 -5.43744
 4.69492 95.0169 -5.42563
 4.78814 95.0169 -5.41381
 4.88136 95.0169 -5.402
 4.97458 95.0169 -5.39019
 5.0678 95.0169 -5.37837
 5.16102 95.0169 -5.36656
 5.25424 95.0169 -5.35475
 5.34746 95.0169 -5.34293
 5.44068 95.0169 -5.33112
 5.5339 95.0169 -5.31931
 5.62712 95.0169 -5.30749
 5.72034 95.0169 -5.29568
 5.81356 95.0169 -5.28387
 5.90678 95.0169 -5.27205
 6 95.0169 -5.26024
 0.5 96.678 -5.95833
 0.59322 96.678 -5.94671
 0.686441 96.678 -5.9351
 0.779661 96.678 -5.92349
 0.872881 96.678 -5.91188
 0.966102 96.678 -5.90027
 1.05932 96.678 -5.88866
 1.15254 96.678 -5.87705
 1.24576 96.678 -5.86544
 1.33898 96.678 -5.85383
 1.4322 96.678 -5.84222
 1.52542 96.678 -5.83061
 1.61864 96.678 -5.819
 1.71186 96.678 -5.80739
 1.80508 96.678 -5.79578
 1.89831 96.678 -5.78417
 1.99153 96.678 -5.77256
 2.08475 96.678 -5.76095
 2.17797 96.678 -5.74934
 2.27119 96.678 -5.73772
 2.36441 96.678 -5.72611
 2.45763 96.678 -5.7145
 2.55085 96.678 -5.70289
 2.64407 96.678 -5.69128
 2.73729 96.678 -5.67967
 2.83051 96.678 -5.66806
 2.92373 96.678 -5.65645
 3.01695 96.678 -5.64484
 3.11017 96.678 -5.63323
 3.20339 96.678 -5.62162
 3.29661 96.678 -5.61001
 3.38983 96.678 -5.5984
 3.48305 96.678 -5.58679
 3.57627 96.678 -5.57518
 3.66949 96.678 -5.56357
 3.76271 96.678 -5.55196
 3.85593 96.678 -5.54035
 3.94915 96.678 -5.52873
 4.04237 96.678 -5.51712
 4.13559 96.678 -5.50551
 4.22881 96.678 -5.4939
 4.32203 96.678 -5.48229
 4.41525 96.678 -5.47068
 4.50847 96.678 -5.45907
 4.60169 96.678 -5.44746
 4.69492 96.678 -5.43585
 4.78814 96.678 -5.42424
 4.88136 96.678 -5.41263
 4.97458 96.678 -5.40102
 5.0678 96.678 -5.38941
 5.16102 96.678 -5.3778
 5.25424 96.678 -5.36619
 5.34746 96.678 -5.35458
 5.44068 96.678 -5.34297
 5.5339 96.678 -5.33136
 5.62712 96.678 -5.31974
 5.72034 96.678 -5.30813
 5.81356 96.678 -5.29652
 5.90678 96.678 -5.28491
 6 96.678 -5.2733
 0.5 98.339 -5.95938
 0.59322 98.339 -5.94796
 0.686441 98.339 -5.93655
 0.779661 98.339 -5.92513
 0.872881 98.339 -5.91372
 0.966102 98.339 -5.9023
 1.05932 98.339 -5.89089
 1.15254 98.339 -5.87948
 1.24576 98.339 -5.86806
 1.33898 98.339 -5.85665
 1.4322 98.339 -5.84523
 1.52542 98.339 -5.83382
 1.61864 98.339 -5.8224
 1.71186 98.339 -5.81099
 1.80508 98.339 -5.79957
 1.89831 98.339 -5.78816
 1.99153 98.339 -5.77675
 2.08475 98.339 -5.76533
 2.17797 98.339 -5.75392
 2.27119 98.339 -5.7425
 2.36441 98.339 -5.73109
 2.45763 98.339 -5.71967
 2.55085 98.339 -5.70826
 2.64407 98.339 -5.69684
 2.73729 98.339 -5.68543
 2.83051 98.339 -5.67402
 2.92373 98.339 -5.6626
 3.01695 98.339 -5.65119
 3.11017 98.339 -5.63977
 3.20339 98.339 -5.62836
 3.29661 98.339 -5.61694
 3.38983 98.339 -5.60553
 3.48305 98.339 -5.59411
 3.57627 98.339 -5.5827
 3.66949 98.339 -5.57129
 3.76271 98.339 -5.55987
 3.85593 98.339 -5.54846
 3.94915 98.339 -5.53704
 4.04237 98.339 -5.52563
 4.13559 98.339 -5.51421
 4.22881 98.339 -5.5028
 4.32203 98.339 -5.49138
 4.41525 98.339 -5.47997
 4.50847 98.339 -5.46856
 4.60169 98.339 -5.45714
 4.69492 98.339 -5.44573
 4.78814 98.339 -5.43431
 4.88136 98.339 -5.4229
 4.97458 98.339 -5.41148
 5.0678 98.339 -5.40007
 5.16102 98.339 -5.38865
 5.25424 98.339 -5.37724
 5.34746 98.339 -5.36583
 5.44068 98.339 -5.35441
 5.5339 98.339 -5.343
 5.62712 98.339 -5.33158
 5.72034 98.339 -5.32017
 5.81356 98.339 -5.30875
 5.90678 98.339 -5.29734
 6 98.339 -5.28592
 0.5 100 -5.96039
 0.59322 100 -5.94917
 0.686441 100 -5.93794
 0.779661 100 -5.92672
 0.872881 100 -5.91549
 0.966102 100 -5.90427
 1.05932 100 -5.89304
 1.15254 100 -5.88182
 1.24576 100 -5.8706
 1.33898 100 -5.85937
 1.4322 100 -5.84815
 1.52542 100 -5.83692
 1.61864 100 -5.8257
 1.71186 100 -5.81447
 1.80508 100 -5.80325
 1.89831 100 -5.79202
 1.99153 100 -5.7808
 2.08475 100 -5.76957
 2.17797 100 -5.75835
 2.27119 100 -5.74712
 2.36441 100 -5.7359
 2.45763 100 -5.72467
 2.55085 100 -5.71345
 2.64407 100 -5.70222
 2.73729 100 -5.691
 2.83051 100 -5.67977
 2.92373 100 -5.66855
 3.01695 100 -5.65732
 3.11017 100 -5.6461
 3.20339 100 -5.63487
 3.29661 100 -5.62365
 3.38983 100 -5.61242
 3.48305 100 -5.6012
 3.57627 100 -5.58997
 3.66949 100 -5.57875
 3.76271 100 -5.56752
 3.85593 100 -5.5563
 3.94915 100 -5.54507
 4.04237 100 -5.53385
 4.13559 100 -5.52262
 4.22881 100 -5.5114
 4.32203 100 -5.50018
 4.41525 100 -5.48895
 4.50847 100 -5.47773
 4.60169 100 -5.4665
 4.69492 100 -5.45528
 4.78814 100 -5.44405
 4.88136 100 -5.43283
 4.97458 100 -5.4216
 5.0678 100 -5.41038
 5.16102 100 -5.39915
 5.25424 100 -5.38793
 5.34746 100 -5.3767
 5.44068 100 -5.36548
 5.5339 100 -5.35425
 5.62712 100 -5.34303
 5.72034 100 -5.3318
 5.81356 100 -5.32058
 5.90678 100 -5.30935
 6 100 -5.29813
